0.543 0.566 0.511392
0.278 0.564 0.520482
0.425 0.373 0.431163
0.845 0.342 0.266168
0.00472 0.0132 -0.0180184
0.122 0.718 0.706353
0.671 0.536 0.552113
0.826 0.313 0.290359
0.137 0.677 0.715651
0.575 0.489 0.536577
0.891 0.236 0.283666
0.209 0.66 0.641427
0.185 0.769 0.680247
0.108 0.66 0.685111
0.22 0.716 0.62175
0.979 0.821 0.813001
0.812 0.324 0.315067
0.172 0.691 0.697049
0.816 0.313 0.307555
0.274 0.411 0.526736
0.432 0.369 0.433417
0.94 0.443 0.487848
0.818 0.172 0.303924
0.336 0.466 0.451544
0.175 0.675 0.693527
0.373 0.424 0.431047
0.00569 -0.00594 -0.0063921
0.252 0.571 0.563706
0.796 0.367 0.347646
0.0153 0.0713 0.104041
0.599 0.49 0.551319
0.604 0.56 0.553716
0.105 0.651 0.678773
0.382 0.385 0.42878
0.0365 0.309 0.31454
0.89 0.256 0.281747
0.981 0.926 0.83295
0.0599 0.534 0.491173
0.891 0.222 0.283666
0.577 0.542 0.537979
0.742 0.362 0.461694
0.63 0.655 0.561308
0.582 0.481 0.541362
0.0204 0.114 0.158965
0.21 0.628 0.639668
0.545 0.461 0.513071
0.769 0.442 0.406386
0.251 0.572 0.565471
0.286 0.563 0.508485
0.852 0.332 0.260913
0.975 0.708 0.773875
0.885 0.251 0.27334
0.36 0.515 0.436164
0.599 0.603 0.551319
0.355 0.392 0.438725
0.34 0.453 0.448436
0.178 0.609 0.68978
0.238 0.6 0.588855
0.0449 0.434 0.384684
0.505 0.526 0.479247
0.376 0.375 0.430178
0.593 0.522 0.548104
0.63 0.592 0.561308
0.143 0.685 0.716029
0.934 0.569 0.450435
0.946 0.523 0.528822
0.602 0.525 0.552789
0.388 0.482 0.42783
0.363 0.459 0.434786
0.204 0.631 0.650092
0.277 0.646 0.52203
0.247 0.571 0.572587
0.174 0.712 0.694727
0.967 0.714 0.699085
0.957 0.602 0.612983
0.598 0.497 0.550808
0.731 0.541 0.48165
0.34 0.425 0.448436
0.0921 0.695 0.643557
0.463 0.461 0.44859
0.509 0.506 0.48255
0.0885 0.602 0.631282
0.528 0.559 0.498632
0.992 0.903 0.946427
0.395 0.542 0.427273
0.336 0.392 0.451544
0.805 0.343 0.328897
0.754 0.467 0.438025
0.313 0.384 0.473653
0.634 0.548 0.561647
0.54 0.545 0.508859
0.297 0.42 0.493194
0.111 0.694 0.690794
0.313 0.451 0.473653
0.457 0.462 0.445054
0.659 0.639 0.55787
0.254 0.593 0.560193
0.641 0.548 0.561643
0.2 0.634 0.656848
0.658 0.472 0.558229
