1 1 -22.4223
2 0 -19.1195
3 0 -16.0099
4 0 -13.0873
5 0 -10.3457
6 0 -7.77899
7 3 -5.38122
8 3 -3.14652
9 0 -1.06908
10 1 0.856812
11 0 2.6368
12 0 4.27644
13 2 5.78118
14 2 7.15641
15 0 8.40742
16 0 9.53939
17 0 10.5574
18 0 11.4666
19 0 12.2717
20 0 12.9777
21 0 13.5893
22 0 14.1111
23 0 14.5476
24 2 14.9033
25 0 15.1826
26 0 15.3896
27 2 15.5286
28 5 15.6036
29 2 15.6186
30 5 15.5773
31 3 15.4837
32 4 15.3413
33 16 15.1537
34 10 14.9244
35 9 14.6568
36 12 14.354
37 5 14.0194
38 5 13.656
39 6 13.2667
40 0 12.8545
41 7 12.4222
42 1 11.9724
43 7 11.5078
44 7 11.0309
45 10 10.5441
46 26 10.0497
47 46 9.54994
48 17 9.04704
49 12 8.54302
50 9 8.03987
51 8 7.53946
52 6 7.04359
53 11 6.55398
54 6 6.07227
55 11 5.6
56 17 5.13864
57 17 4.68957
58 8 4.2541
59 6 3.83347
60 6 3.42882
61 13 3.04123
62 13 2.67171
63 14 2.32118
64 15 1.99051
65 22 1.68047
66 22 1.3918
67 19 1.12513
68 24 0.881066
69 16 0.660114
70 20 0.462737
71 20 0.28933
72 20 0.140228
73 10 0.0157087
74 8 -0.0840096
75 10 -0.158764
76 11 -0.208444
77 5 -0.232995
78 3 -0.232411
79 2 -0.206738
80 8 -0.15607
81 3 -0.0805446
82 5 0.0196513
83 1 0.144289
84 2 0.293098
85 2 0.465767
86 1 0.661944
87 1 0.881243
88 2 1.12324
89 1 1.38747
90 4 1.67346
91 1 1.98066
92 1 2.30854
93 2 2.65651
94 13 3.02397
95 18 3.41028
96 21 3.81478
97 11 4.2368
98 8 4.67563
99 5 5.13056
100 12 5.60086
101 6 6.08576
102 4 6.58449
103 1 7.09629
104 7 7.62035
105 9 8.15586
106 4 8.70202
107 3 9.258
108 3 9.82297
109 6 10.3961
110 7 10.9765
111 8 11.5635
112 20 12.156
113 24 12.7534
114 19 13.3547
115 9 13.9591
116 6 14.5657
117 2 15.1739
118 13 15.7826
119 20 16.3911
120 15 16.9986
121 14 17.6043
122 28 18.2074
123 29 18.8071
124 15 19.4026
125 18 19.9932
126 13 20.5782
127 19 21.1567
128 25 21.7282
129 30 22.2919
130 12 22.8471
131 8 23.3932
132 12 23.9296
133 12 24.4556
134 24 24.9706
135 18 25.4741
136 17 25.9655
137 14 26.4443
138 8 26.9099
139 4 27.362
140 11 27.8
141 8 28.2235
142 17 28.6322
143 17 29.0256
144 14 29.4033
145 7 29.7652
146 8 30.1108
147 9 30.4399
148 13 30.7523
149 11 31.0478
150 7 31.3262
151 16 31.5874
152 3 31.8311
153 3 32.0575
154 11 32.2663
155 7 32.4576
156 8 32.6314
157 8 32.7877
158 7 32.9265
159 13 33.0481
160 7 33.1525
161 6 33.2398
162 7 33.3103
163 9 33.3642
164 6 33.4017
165 10 33.4232
166 3 33.4289
167 21 33.4192
168 17 33.3944
169 12 33.3551
170 20 33.3015
171 11 33.2342
172 7 33.1537
173 9 33.0604
174 7 32.955
175 8 32.838
176 3 32.71
177 9 32.5717
178 2 32.4236
179 4 32.2666
180 5 32.1012
181 9 31.9283
182 6 31.7486
183 9 31.5629
184 10 31.3719
185 16 31.1766
186 13 30.9777
187 13 30.7761
188 7 30.5728
189 17 30.3685
190 23 30.1644
191 35 29.9612
192 71 29.7599
193 150 29.5616
194 91 29.3672
195 128 29.1777
196 152 28.9942
197 134 28.8177
198 127 28.6491
199 127 28.4897
200 147 28.3404
201 97 28.2022
202 142 28.0764
203 156 27.9639
204 107 27.8659
205 162 27.7834
206 118 27.7175
207 166 27.6694
208 70 27.6402
209 103 27.6308
210 87 27.6425
211 65 27.6763
212 46 27.7333
213 56 27.8146
214 58 27.9213
215 44 28.0544
216 81 28.215
217 47 28.4042
218 36 28.6229
219 64 28.8723
220 38 29.1533
221 34 29.467
222 41 29.8142
223 36 30.1961
224 50 30.6134
225 80 31.0672
226 39 31.5584
227 32 32.0879
228 20 32.6564
229 23 33.2649
230 39 33.9141
231 41 34.6048
232 24 35.3378
233 67 36.1139
234 12 36.9336
235 48 37.7977
236 6 38.7067
237 26 39.6614
238 36 40.6621
239 30 41.7096
240 21 42.8041
241 24 43.9462
242 8 45.1363
243 19 46.3747
244 19 47.6617
245 40 48.9977
246 10 50.3828
247 21 51.8172
248 25 53.3011
249 24 54.8346
250 31 56.4176
251 20 58.0502
252 26 59.7323
253 21 61.4638
254 19 63.2445
255 18 65.0742
256 19 66.9527
257 16 68.8795
258 12 70.8544
259 15 72.8769
260 17 74.9464
261 21 77.0625
262 21 79.2244
263 27 81.4316
264 14 83.6833
265 20 85.9787
266 31 88.3169
267 33 90.697
268 50 93.1182
269 46 95.5792
270 45 98.079
271 25 100.617
272 22 103.19
273 43 105.8
274 49 108.442
275 40 111.118
276 37 113.824
277 55 116.559
278 45 119.323
279 36 122.112
280 44 124.926
281 53 127.763
282 74 130.62
283 69 133.496
284 85 136.389
285 71 139.297
286 98 142.218
287 92 145.149
288 109 148.089
289 132 151.036
290 156 153.986
291 121 156.937
292 112 159.888
293 134 162.836
294 142 165.778
295 212 168.711
296 203 171.634
297 177 174.543
298 156 177.435
299 158 180.309
300 154 183.16
301 200 185.987
302 261 188.787
303 296 191.556
304 235 194.292
305 243 196.992
306 238 199.653
307 230 202.271
308 259 204.844
309 252 207.369
310 260 209.843
311 364 212.262
312 392 214.624
313 219 216.926
314 249 219.163
315 382 221.335
316 427 223.436
317 588 225.465
318 378 227.418
319 295 229.292
320 333 231.084
321 331 232.791
322 376 234.41
323 348 235.939
324 568 237.373
325 430 238.712
326 343 239.951
327 301 241.087
328 523 242.12
329 388 243.044
330 359 243.859
331 363 244.561
332 248 245.149
333 191 245.619
334 331 245.97
335 194 246.2
336 260 246.306
337 298 246.286
338 191 246.14
339 187 245.864
340 186 245.459
341 140 244.921
342 167 244.251
343 148 243.447
344 138 242.507
345 120 241.432
346 154 240.221
347 145 238.873
348 129 237.389
349 102 235.768
350 145 234.01
351 123 232.116
352 112 230.087
353 128 227.924
354 132 225.628
355 101 223.2
356 101 220.643
357 130 217.958
358 104 215.147
359 113 212.214
360 152 209.16
361 100 205.99
362 109 202.708
363 126 199.316
364 190 195.82
365 170 192.224
366 125 188.534
367 145 184.754
368 143 180.892
369 111 176.952
370 91 172.942
371 175 168.87
372 184 164.743
373 163 160.569
374 131 156.356
375 151 152.116
376 149 147.856
377 161 143.587
378 258 139.32
379 188 135.068
380 174 130.84
381 131 126.651
382 124 122.514
383 113 118.442
384 117 114.451
385 144 110.554
386 119 106.769
387 130 103.112
388 127 99.5998
389 119 96.2513
390 92 93.0852
391 126 90.1212
392 118 87.3797
393 121 84.8821
394 131 82.6505
395 127 80.7081
396 131 79.0787
397 100 77.7872
398 102 76.8593
399 139 76.3218
400 137 76.2025
401 140 76.5298
402 140 77.3337
403 112 78.6449
404 112 80.4952
405 80 82.9174
406 119 85.9458
407 123 89.6153
408 146 93.9624
409 118 99.0246
410 124 104.841
411 108 111.451
412 97 118.895
413 139 127.218
414 125 136.462
415 124 146.673
416 125 157.897
417 139 170.182
418 106 183.578
419 145 198.136
420 158 213.907
421 199 230.947
