1 1 -22.4215
2 0 -19.1187
3 0 -16.0091
4 0 -13.0866
5 0 -10.345
6 0 -7.77826
7 3 -5.38051
8 3 -3.14583
9 0 -1.0684
10 1 0.85748
11 0 2.63746
12 0 4.27708
13 2 5.78181
14 2 7.15702
15 0 8.40801
16 0 9.53997
17 0 10.558
18 0 11.4671
19 0 12.2723
20 0 12.9783
21 0 13.5898
22 0 14.1116
23 0 14.5481
24 2 14.9038
25 0 15.183
26 0 15.3901
27 2 15.529
28 5 15.604
29 2 15.619
30 5 15.5777
31 3 15.4841
32 4 15.3417
33 16 15.1541
34 10 14.9248
35 9 14.6571
36 12 14.3544
37 5 14.0197
38 5 13.6563
39 6 13.267
40 0 12.8548
41 7 12.4225
42 1 11.9727
43 7 11.5081
44 7 11.0311
45 10 10.5443
46 26 10.0499
47 46 9.55015
48 17 9.04724
49 12 8.54321
50 9 8.04005
51 8 7.53962
52 6 7.04375
53 11 6.55413
54 6 6.07241
55 11 5.60013
56 17 5.13876
57 17 4.68968
58 8 4.25421
59 6 3.83356
60 6 3.42891
61 13 3.04131
62 13 2.67178
63 14 2.32124
64 15 1.99056
65 22 1.68052
66 22 1.39183
67 19 1.12516
68 24 0.881085
69 16 0.660126
70 20 0.462741
71 20 0.289327
72 20 0.140218
73 10 0.0156909
74 8 -0.0840346
75 10 -0.158796
76 11 -0.208483
77 5 -0.233041
78 3 -0.232464
79 2 -0.206798
80 8 -0.156136
81 3 -0.0806172
82 5 0.0195722
83 1 0.144204
84 2 0.293007
85 2 0.465669
86 1 0.661841
87 1 0.881133
88 2 1.12312
89 1 1.38735
90 4 1.67333
91 1 1.98053
92 1 2.3084
93 2 2.65637
94 13 3.02382
95 18 3.41012
96 21 3.81462
97 11 4.23663
98 8 4.67546
99 5 5.13039
100 12 5.60068
101 6 6.08557
102 4 6.58431
103 1 7.0961
104 7 7.62015
105 9 8.15566
106 4 8.70182
107 3 9.25779
108 3 9.82276
109 6 10.3959
110 7 10.9763
111 8 11.5632
112 20 12.1558
113 24 12.7531
114 19 13.3544
115 9 13.9588
116 6 14.5655
117 2 15.1736
118 13 15.7823
119 20 16.3909
120 15 16.9984
121 14 17.604
122 28 18.2071
123 29 18.8068
124 15 19.4023
125 18 19.9929
126 13 20.5779
127 19 21.1564
128 25 21.7279
129 30 22.2916
130 12 22.8468
131 8 23.3929
132 12 23.9293
133 12 24.4553
134 24 24.9703
135 18 25.4738
136 17 25.9652
137 14 26.444
138 8 26.9096
139 4 27.3617
140 11 27.7997
141 8 28.2232
142 17 28.6319
143 17 29.0252
144 14 29.403
145 7 29.7649
146 8 30.1105
147 9 30.4396
148 13 30.752
149 11 31.0475
150 7 31.3259
151 16 31.587
152 3 31.8308
153 3 32.0571
154 11 32.266
155 7 32.4573
156 8 32.631
157 8 32.7873
158 7 32.9262
159 13 33.0477
160 7 33.1521
161 6 33.2394
162 7 33.31
163 9 33.3638
164 6 33.4014
165 10 33.4228
166 3 33.4285
167 21 33.4188
168 17 33.3941
169 12 33.3547
170 20 33.3012
171 11 33.2339
172 7 33.1533
173 9 33.0601
174 7 32.9546
175 8 32.8376
176 3 32.7096
177 9 32.5713
178 2 32.4233
179 4 32.2662
180 5 32.1009
181 9 31.928
182 6 31.7483
183 9 31.5625
184 10 31.3716
185 16 31.1762
186 13 30.9773
187 13 30.7758
188 7 30.5724
189 17 30.3682
190 23 30.164
191 35 29.9608
192 71 29.7596
193 150 29.5613
194 91 29.3669
195 128 29.1774
196 152 28.9939
197 134 28.8173
198 127 28.6488
199 127 28.4894
200 147 28.34
201 97 28.2019
202 142 28.0761
203 156 27.9636
204 107 27.8656
205 162 27.7831
206 118 27.7172
207 166 27.6691
208 70 27.6398
209 103 27.6305
210 87 27.6422
211 65 27.676
212 46 27.733
213 56 27.8143
214 58 27.921
215 44 28.0541
216 81 28.2147
217 47 28.4038
218 36 28.6226
219 64 28.872
220 38 29.153
221 34 29.4666
222 41 29.8139
223 36 30.1957
224 50 30.6131
225 80 31.0669
226 39 31.5581
227 32 32.0876
228 20 32.6561
229 23 33.2646
230 39 33.9138
231 41 34.6045
232 24 35.3376
233 67 36.1136
234 12 36.9333
235 48 37.7974
236 6 38.7065
237 26 39.6611
238 36 40.6619
239 30 41.7093
240 21 42.8038
241 24 43.9459
242 8 45.136
243 19 46.3744
244 19 47.6615
245 40 48.9974
246 10 50.3825
247 21 51.817
248 25 53.3009
249 24 54.8343
250 31 56.4173
251 20 58.0499
252 26 59.732
253 21 61.4635
254 19 63.2443
255 18 65.074
256 19 66.9524
257 16 68.8793
258 12 70.8542
259 15 72.8767
260 17 74.9462
261 21 77.0622
262 21 79.2242
263 27 81.4314
264 14 83.6831
265 20 85.9785
266 31 88.3167
267 33 90.6968
268 50 93.118
269 46 95.579
270 45 98.0788
271 25 100.616
272 22 103.19
273 43 105.799
274 49 108.442
275 40 111.118
276 37 113.824
277 55 116.559
278 45 119.323
279 36 122.112
280 44 124.926
281 53 127.762
282 74 130.62
283 69 133.496
284 85 136.389
285 71 139.297
286 98 142.218
287 92 145.149
288 109 148.089
289 132 151.035
290 156 153.986
291 121 156.937
292 112 159.888
293 134 162.836
294 142 165.778
295 212 168.711
296 203 171.634
297 177 174.542
298 156 177.435
299 158 180.309
300 154 183.16
301 200 185.987
302 261 188.787
303 296 191.556
304 235 194.292
305 243 196.992
306 238 199.653
307 230 202.271
308 259 204.844
309 252 207.369
310 260 209.843
311 364 212.262
312 392 214.624
313 219 216.926
314 249 219.163
315 382 221.335
316 427 223.436
317 588 225.465
318 378 227.418
319 295 229.292
320 333 231.084
321 331 232.791
322 376 234.41
323 348 235.939
324 568 237.373
325 430 238.712
326 343 239.951
327 301 241.087
328 523 242.12
329 388 243.044
330 359 243.859
331 363 244.561
332 248 245.149
333 191 245.619
334 331 245.97
335 194 246.2
336 260 246.306
337 298 246.286
338 191 246.14
339 187 245.865
340 186 245.459
341 140 244.921
342 167 244.251
343 148 243.447
344 138 242.507
345 120 241.432
346 154 240.221
347 145 238.873
348 129 237.389
349 102 235.768
350 145 234.01
351 123 232.116
352 112 230.088
353 128 227.924
354 132 225.628
355 101 223.201
356 101 220.643
357 130 217.958
358 104 215.147
359 113 212.214
360 152 209.16
361 100 205.991
362 109 202.708
363 126 199.317
364 190 195.82
365 170 192.225
366 125 188.534
367 145 184.755
368 143 180.892
369 111 176.952
370 91 172.943
371 175 168.87
372 184 164.743
373 163 160.569
374 131 156.357
375 151 152.116
376 149 147.856
377 161 143.587
378 258 139.321
379 188 135.068
380 174 130.841
381 131 126.652
382 124 122.514
383 113 118.443
384 117 114.451
385 144 110.554
386 119 106.769
387 130 103.112
388 127 99.6001
389 119 96.2516
390 92 93.0855
391 126 90.1215
392 118 87.38
393 121 84.8824
394 131 82.6509
395 127 80.7084
396 131 79.0791
397 100 77.7875
398 102 76.8597
399 139 76.3222
400 137 76.2028
401 140 76.5302
402 140 77.3341
403 112 78.6453
404 112 80.4956
405 80 82.9179
406 119 85.9462
407 123 89.6157
408 146 93.9629
409 118 99.0251
410 124 104.841
411 108 111.451
412 97 118.896
413 139 127.218
414 125 136.463
415 124 146.673
416 125 157.897
417 139 170.183
418 106 183.579
419 145 198.136
420 158 213.908
421 199 230.947
