1 1 2.49296e+08
2 0 2.46855e+08
3 0 2.44433e+08
4 0 2.42027e+08
5 0 2.39637e+08
6 0 2.37259e+08
7 3 2.34895e+08
8 3 2.32542e+08
9 0 2.302e+08
10 1 2.27867e+08
11 0 2.25544e+08
12 0 2.23229e+08
13 2 2.20923e+08
14 2 2.18625e+08
15 0 2.16334e+08
16 0 2.14051e+08
17 0 2.11775e+08
18 0 2.09507e+08
19 0 2.07246e+08
20 0 2.04993e+08
21 0 2.02747e+08
22 0 2.00509e+08
23 0 1.98279e+08
24 2 1.96057e+08
25 0 1.93844e+08
26 0 1.91639e+08
27 2 1.89443e+08
28 5 1.87257e+08
29 2 1.85081e+08
30 5 1.82914e+08
31 3 1.80758e+08
32 4 1.78613e+08
33 16 1.76479e+08
34 10 1.74356e+08
35 9 1.72246e+08
36 12 1.70147e+08
37 5 1.68061e+08
38 5 1.65989e+08
39 6 1.63929e+08
40 0 1.61883e+08
41 7 1.5985e+08
42 1 1.57832e+08
43 7 1.55828e+08
44 7 1.53839e+08
45 10 1.51865e+08
46 26 1.49906e+08
47 46 1.47963e+08
48 17 1.46035e+08
49 12 1.44123e+08
50 9 1.42227e+08
51 8 1.40347e+08
52 6 1.38483e+08
53 11 1.36635e+08
54 6 1.34804e+08
55 11 1.32989e+08
56 17 1.31191e+08
57 17 1.2941e+08
58 8 1.27645e+08
59 6 1.25897e+08
60 6 1.24165e+08
61 13 1.2245e+08
62 13 1.20752e+08
63 14 1.1907e+08
64 15 1.17405e+08
65 22 1.15756e+08
66 22 1.14124e+08
67 19 1.12508e+08
68 24 1.10908e+08
69 16 1.09324e+08
70 20 1.07756e+08
71 20 1.06204e+08
72 20 1.04667e+08
73 10 1.03146e+08
74 8 1.01641e+08
75 10 1.00151e+08
76 11 9.86755e+07
77 5 9.72154e+07
78 3 9.57701e+07
79 2 9.43394e+07
80 8 9.29232e+07
81 3 9.15214e+07
82 5 9.01337e+07
83 1 8.87601e+07
84 2 8.74003e+07
85 2 8.60542e+07
86 1 8.47216e+07
87 1 8.34024e+07
88 2 8.20964e+07
89 1 8.08035e+07
90 4 7.95236e+07
91 1 7.82564e+07
92 1 7.7002e+07
93 2 7.576e+07
94 13 7.45305e+07
95 18 7.33133e+07
96 21 7.21083e+07
97 11 7.09153e+07
98 8 6.97343e+07
99 5 6.85652e+07
100 12 6.74079e+07
101 6 6.62623e+07
102 4 6.51283e+07
103 1 6.40059e+07
104 7 6.2895e+07
105 9 6.17955e+07
106 4 6.07074e+07
107 3 5.96306e+07
108 3 5.85651e+07
109 6 5.75109e+07
110 7 5.64679e+07
111 8 5.54361e+07
112 20 5.44155e+07
113 24 5.34061e+07
114 19 5.24079e+07
115 9 5.14208e+07
116 6 5.04448e+07
117 2 4.948e+07
118 13 4.85263e+07
119 20 4.75838e+07
120 15 4.66525e+07
121 14 4.57324e+07
122 28 4.48235e+07
123 29 4.39257e+07
124 15 4.30392e+07
125 18 4.2164e+07
126 13 4.13e+07
127 19 4.04473e+07
128 25 3.96059e+07
129 30 3.87758e+07
130 12 3.79571e+07
131 8 3.71497e+07
132 12 3.63536e+07
133 12 3.55689e+07
134 24 3.47956e+07
135 18 3.40336e+07
136 17 3.32831e+07
137 14 3.25439e+07
138 8 3.18161e+07
139 4 3.10996e+07
140 11 3.03945e+07
141 8 2.97007e+07
142 17 2.90182e+07
143 17 2.8347e+07
144 14 2.7687e+07
145 7 2.70383e+07
146 8 2.64007e+07
147 9 2.57742e+07
148 13 2.51588e+07
149 11 2.45545e+07
150 7 2.3961e+07
151 16 2.33784e+07
152 3 2.28066e+07
153 3 2.22455e+07
154 11 2.16951e+07
155 7 2.11552e+07
156 8 2.06257e+07
157 8 2.01066e+07
158 7 1.95977e+07
159 13 1.90989e+07
160 7 1.86101e+07
161 6 1.81312e+07
162 7 1.7662e+07
163 9 1.72025e+07
164 6 1.67525e+07
165 10 1.63118e+07
166 3 1.58803e+07
167 21 1.54579e+07
168 17 1.50444e+07
169 12 1.46397e+07
170 20 1.42437e+07
171 11 1.38561e+07
172 7 1.34768e+07
173 9 1.31057e+07
174 7 1.27425e+07
175 8 1.23873e+07
176 3 1.20397e+07
177 9 1.16997e+07
178 2 1.13671e+07
179 4 1.10416e+07
180 5 1.07233e+07
181 9 1.04119e+07
182 6 1.01073e+07
183 9 9.80929e+06
184 10 9.51778e+06
185 16 9.2326e+06
186 13 8.95363e+06
187 13 8.68073e+06
188 7 8.41377e+06
189 17 8.15261e+06
190 23 7.89713e+06
191 35 7.64721e+06
192 71 7.40273e+06
193 150 7.16359e+06
194 91 6.92968e+06
195 128 6.70088e+06
196 152 6.47712e+06
197 134 6.25828e+06
198 127 6.04429e+06
199 127 5.83505e+06
200 147 5.6305e+06
201 97 5.43055e+06
202 142 5.23514e+06
203 156 5.0442e+06
204 107 4.85767e+06
205 162 4.67549e+06
206 118 4.49762e+06
207 166 4.324e+06
208 70 4.15458e+06
209 103 3.98934e+06
210 87 3.82822e+06
211 65 3.67119e+06
212 46 3.51823e+06
213 56 3.36929e+06
214 58 3.22436e+06
215 44 3.08341e+06
216 81 2.94641e+06
217 47 2.81333e+06
218 36 2.68416e+06
219 64 2.55888e+06
220 38 2.43746e+06
221 34 2.31987e+06
222 41 2.2061e+06
223 36 2.09613e+06
224 50 1.98992e+06
225 80 1.88745e+06
226 39 1.78869e+06
227 32 1.69362e+06
228 20 1.60219e+06
229 23 1.51437e+06
230 39 1.43013e+06
231 41 1.34941e+06
232 24 1.27219e+06
233 67 1.1984e+06
234 12 1.128e+06
235 48 1.06092e+06
236 6 997113
237 26 936510
238 36 879043
239 30 824639
240 21 773223
241 24 724715
242 8 679030
243 19 636080
244 19 595776
245 40 558022
246 10 522721
247 21 489772
248 25 459072
249 24 430516
250 31 403997
251 20 379406
252 26 356633
253 21 335567
254 19 316097
255 18 298113
256 19 281503
257 16 266158
258 12 251970
259 15 238833
260 17 226643
261 21 215300
262 21 204705
263 27 194765
264 14 185389
265 20 176493
266 31 167997
267 33 159826
268 50 151910
269 46 144185
270 45 136596
271 25 129090
272 22 121624
273 43 114161
274 49 106668
275 40 99123
276 37 91508
277 55 83812.7
278 45 76033.1
279 36 68171.8
280 44 60237.5
281 53 52244.7
282 74 44213.5
283 69 36169.4
284 85 28142.3
285 71 20166.6
286 98 12280.4
287 92 4524.9
288 109 -3056.06
289 132 -10416.6
290 156 -17509.7
291 121 -24287.5
292 112 -30702.2
293 134 -36706.8
294 142 -42255.6
295 212 -47305.2
296 203 -51814.5
297 177 -55746.4
298 156 -59067.2
299 158 -61748.3
300 154 -63766
301 200 -65102.3
302 261 -65745.2
303 296 -65689.1
304 235 -64935.3
305 243 -63491.9
306 238 -61374.3
307 230 -58604.8
308 259 -55213
309 252 -51235.6
310 260 -46715.8
311 364 -41703.6
312 392 -36254.9
313 219 -30431.4
314 249 -24299.6
315 382 -17930.5
316 427 -11398.6
317 588 -4781.36
318 378 1842.12
319 295 8391.65
320 333 14787.1
321 331 20949.4
322 376 26801.7
323 348 32270.2
324 568 37285.6
325 430 41783.6
326 343 45706.3
327 301 49003.1
328 523 51631.6
329 388 53558.1
330 359 54758.7
331 363 55219.6
332 248 54937.9
333 191 53921.3
334 331 52189
335 194 49771.2
336 260 46708.9
337 298 43053.8
338 191 38867.7
339 187 34221.5
340 186 29194.6
341 140 23873.5
342 167 18351
343 148 12724.2
344 138 7093.23
345 120 1559.67
346 154 -3775.48
347 145 -8813.51
348 129 -13460
349 102 -17626.5
350 145 -21232.8
351 123 -24208.4
352 112 -26494.3
353 128 -28044.9
354 132 -28828.7
355 101 -28830.1
356 101 -28050
357 130 -26506.3
358 104 -24234.2
359 113 -21286.4
360 152 -17731.9
361 100 -13655.7
362 109 -9157.03
363 126 -4347.94
364 190 649.233
365 170 5704.23
366 125 10681.9
367 145 15445.2
368 143 19859.1
369 111 23794.1
370 91 27129.6
371 175 29758.4
372 184 31590
373 163 32554.1
374 131 32604
375 151 31719
376 149 29906.8
377 161 27204.9
378 258 23681.1
379 188 19433.4
380 174 14588.3
381 131 9298.84
382 124 3740.52
383 113 -1893.02
384 117 -7396.05
385 144 -12557.6
386 119 -17169.1
387 130 -21033.2
388 127 -23972.7
389 119 -25839.5
390 92 -26523.8
391 126 -25962.9
392 118 -24148
393 121 -21130.2
394 131 -17024.4
395 127 -12009.7
396 131 -6327.87
397 100 -276.702
398 102 5799.7
399 139 11525.6
400 137 16512.5
401 140 20382.5
402 140 22795.8
403 112 23480.3
404 112 22263.9
405 80 19105.9
406 119 14125.7
407 123 7625.83
408 146 103.977
409 118 -7749.2
410 124 -15074
411 108 -20892.8
412 97 -24197.2
413 139 -24078.5
414 125 -19911
415 124 -11597.3
416 125 115.738
417 139 13242.5
418 106 24078.6
419 145 26633.7
420 158 11976.3
421 199 -32499.1
