0 0 0
0.01 -0.132499 -0.132499
0.02 -0.230548 -0.234517
0.03 -0.301779 -0.311896
0.04 -0.352185 -0.369402
0.05 -0.386467 -0.410921
0.06 -0.408314 -0.439624
0.07 -0.420616 -0.458091
0.08 -0.425637 -0.468424
0.09 -0.425146 -0.472329
0.1 -0.420526 -0.471195
0.11 -0.412856 -0.466147
0.12 -0.402975 -0.458094
0.13 -0.391534 -0.447772
0.14 -0.379039 -0.435775
0.15 -0.365876 -0.422579
0.16 -0.352346 -0.408567
0.17 -0.338675 -0.394042
0.18 -0.325034 -0.379246
0.19 -0.311554 -0.36437
0.2 -0.298328 -0.349564
0.21 -0.285425 -0.334942
0.22 -0.272894 -0.320594
0.23 -0.260767 -0.306585
0.24 -0.249063 -0.292964
0.25 -0.237795 -0.279767
0.26 -0.226966 -0.267015
0.27 -0.216575 -0.254724
0.28 -0.206616 -0.242899
0.29 -0.19708 -0.231543
0.3 -0.187957 -0.220651
0.31 -0.179236 -0.210219
0.32 -0.170903 -0.200235
0.33 -0.162943 -0.19069
0.34 -0.155345 -0.18157
0.35 -0.148092 -0.172862
0.36 -0.141172 -0.164552
0.37 -0.13457 -0.156626
0.38 -0.128273 -0.149068
0.39 -0.122267 -0.141864
0.4 -0.11654 -0.135
0.41 -0.11108 -0.12846
0.42 -0.105873 -0.122232
0.43 -0.10091 -0.1163
0.44 -0.0961784 -0.110652
0.45 -0.0916679 -0.105276
0.46 -0.0873683 -0.100158
0.47 -0.0832699 -0.0952865
0.48 -0.0793635 -0.0906503
0.49 -0.07564 -0.0862382
0.5 -0.072091 -0.0820397
0.51 -0.0687083 -0.0780446
0.52 -0.0654842 -0.0742432
0.53 -0.0624113 -0.0706264
0.54 -0.0594825 -0.0671852
0.55 -0.0566911 -0.0639112
0.56 -0.0540306 -0.0607965
0.57 -0.0514949 -0.0578332
0.58 -0.0490782 -0.0550141
0.59 -0.0467749 -0.0523323
0.6 -0.0445797 -0.049781
0.61 -0.0424875 -0.047354
0.62 -0.0404934 -0.0450452
0.63 -0.038593 -0.0428488
0.64 -0.0367817 -0.0407595
0.65 -0.0350554 -0.038772
0.66 -0.0334102 -0.0368814
0.67 -0.0318421 -0.0350829
0.68 -0.0303477 -0.0333721
0.69 -0.0289233 -0.0317447
0.7 -0.0275659 -0.0301966
0.71 -0.0262721 -0.028724
0.72 -0.0250391 -0.0273232
0.73 -0.0238639 -0.0259907
0.74 -0.0227439 -0.0247232
0.75 -0.0216764 -0.0235175
0.76 -0.0206591 -0.0223706
0.77 -0.0196895 -0.0212796
0.78 -0.0187654 -0.0202418
0.79 -0.0178846 -0.0192546
0.8 -0.0170452 -0.0183156
0.81 -0.0162452 -0.0174223
0.82 -0.0154828 -0.0165726
0.83 -0.0147561 -0.0157644
0.839999 -0.0140636 -0.0149956
0.849999 -0.0134035 -0.0142642
0.859999 -0.0127744 -0.0135686
0.869999 -0.0121749 -0.0129068
0.879999 -0.0116035 -0.0122774
0.889999 -0.0110589 -0.0116786
0.899999 -0.0105398 -0.011109
0.909999 -0.0100452 -0.0105672
0.919999 -0.00957371 -0.0100519
0.929999 -0.00912438 -0.00956162
0.939999 -0.00869614 -0.0090953
0.949999 -0.008288 -0.00865171
0.959999 -0.00789901 -0.00822977
0.969999 -0.00752828 -0.0078284
0.979999 -0.00717495 -0.0074466
0.989999 -0.0068382 -0.00708343
0.999999 -0.00651726 -0.00673797
1.01 -0.00621138 -0.00640935
1.02 -0.00591985 -0.00609676
1.03 -0.00564201 -0.00579942
1.04 -0.00537721 -0.00551658
1.05 -0.00512484 -0.00524754
1.06 -0.00488431 -0.00499161
1.07 -0.00465507 -0.00474817
1.08 -0.00443659 -0.0045166
1.09 -0.00422836 -0.00429632
1.1 -0.00402991 -0.00408678
1.11 -0.00384077 -0.00388747
1.12 -0.00366051 -0.00369788
1.13 -0.00348871 -0.00351753
1.14 -0.00332497 -0.00334598
1.15 -0.00316891 -0.00318279
1.16 -0.00302019 -0.00302757
1.17 -0.00287844 -0.00287991
1.18 -0.00274334 -0.00273946
1.19 -0.00261459 -0.00260585
1.2 -0.00249187 -0.00247876
1.21 -0.00237492 -0.00235787
1.22 -0.00226346 -0.00224288
1.23 -0.00215722 -0.00213349
1.24 -0.00205598 -0.00202944
1.25 -0.00195948 -0.00193046
1.26 -0.00186752 -0.00183631
1.27 -0.00177987 -0.00174675
1.28 -0.00169633 -0.00166156
1.29 -0.00161672 -0.00158053
1.3 -0.00154084 -0.00150345
1.31 -0.00146852 -0.00143012
1.32 -0.0013996 -0.00136037
1.33 -0.00133391 -0.00129403
1.34 -0.0012713 -0.00123092
1.35 -0.00121164 -0.00117089
1.36 -0.00115477 -0.00111378
1.37 -0.00110057 -0.00105946
1.38 -0.00104892 -0.00100779
1.39 -0.000999689 -0.00095864
1.4 -0.00095277 -0.000911886
1.41 -0.000908053 -0.000867413
1.42 -0.000865434 -0.000825109
1.43 -0.000824816 -0.000784868
1.44 -0.000786105 -0.00074659
1.45 -0.00074921 -0.000710178
1.46 -0.000714047 -0.000675542
1.47 -0.000680534 -0.000642596
1.48 -0.000648594 -0.000611256
1.49 -0.000618153 -0.000581445
1.5 -0.00058914 -0.000553087
1.51 -0.00056149 -0.000526113
1.52 -0.000535137 -0.000500454
1.53 -0.000510021 -0.000476047
1.54 -0.000486084 -0.00045283
1.55 -0.00046327 -0.000430745
1.56 -0.000441527 -0.000409737
1.57 -0.000420804 -0.000389754
1.58 -0.000401054 -0.000370746
1.59 -0.000382231 -0.000352664
1.6 -0.000364292 -0.000335465
1.61 -0.000347194 -0.000319104
1.62 -0.000330899 -0.000303541
1.63 -0.000315369 -0.000288737
1.64 -0.000300567 -0.000274655
1.65 -0.000286461 -0.00026126
1.66 -0.000273016 -0.000248518
1.67 -0.000260202 -0.000236398
1.68 -0.00024799 -0.000224869
1.69 -0.000236351 -0.000213902
1.7 -0.000225258 -0.00020347
1.71 -0.000214686 -0.000193546
1.72 -0.00020461 -0.000184107
1.73 -0.000195007 -0.000175128
1.74 -0.000185854 -0.000166587
1.75 -0.000177132 -0.000158462
1.76 -0.000168818 -0.000150734
1.77 -0.000160895 -0.000143383
1.78 -0.000153343 -0.00013639
1.79 -0.000146146 -0.000129738
1.8 -0.000139287 -0.000123411
1.81 -0.00013275 -0.000117392
1.82 -0.000126519 -0.000111667
1.83 -0.000120581 -0.000106221
1.84 -0.000114922 -0.00010104
1.85 -0.000109528 -9.61123e-05
1.86 -0.000104388 -9.14249e-05
1.87 -9.94885e-05 -8.69661e-05
1.88 -9.48191e-05 -8.27246e-05
1.89 -9.03689e-05 -7.86901e-05
1.9 -8.61275e-05 -7.48524e-05
1.91 -8.20853e-05 -7.12018e-05
1.92 -7.82327e-05 -6.77292e-05
1.93 -7.45609e-05 -6.4426e-05
1.94 -7.10615e-05 -6.1284e-05
1.95 -6.77263e-05 -5.82951e-05
1.96 -6.45477e-05 -5.5452e-05
1.97 -6.15182e-05 -5.27476e-05
1.98 -5.86309e-05 -5.01751e-05
1.99 -5.58792e-05 -4.7728e-05
2 -5.32566e-05 -4.54003e-05
2.01 -5.0757e-05 -4.31861e-05
2.02 -4.83748e-05 -4.10799e-05
2.03 -4.61044e-05 -3.90764e-05
2.04 -4.39405e-05 -3.71706e-05
2.05 -4.18782e-05 -3.53578e-05
2.06 -3.99127e-05 -3.36333e-05
2.07 -3.80395e-05 -3.1993e-05
2.08 -3.62541e-05 -3.04327e-05
2.09 -3.45526e-05 -2.89485e-05
2.1 -3.29309e-05 -2.75367e-05
2.11 -3.13853e-05 -2.61937e-05
2.12 -2.99123e-05 -2.49162e-05
2.13 -2.85084e-05 -2.3701e-05
2.14 -2.71704e-05 -2.25451e-05
2.15 -2.58952e-05 -2.14456e-05
2.16 -2.46798e-05 -2.03997e-05
2.17 -2.35215e-05 -1.94048e-05
2.18 -2.24176e-05 -1.84584e-05
2.19 -2.13654e-05 -1.75582e-05
2.2 -2.03627e-05 -1.67018e-05
2.21 -1.9407e-05 -1.58873e-05
2.22 -1.84961e-05 -1.51124e-05
2.23 -1.7628e-05 -1.43754e-05
2.24 -1.68007e-05 -1.36743e-05
2.25 -1.60122e-05 -1.30074e-05
2.26 -1.52607e-05 -1.2373e-05
2.27 -1.45444e-05 -1.17696e-05
2.28 -1.38618e-05 -1.11956e-05
2.29 -1.32112e-05 -1.06496e-05
2.3 -1.25912e-05 -1.01302e-05
2.31 -1.20002e-05 -9.63612e-06
2.32 -1.1437e-05 -9.16617e-06
2.33 -1.09002e-05 -8.71913e-06
2.34 -1.03886e-05 -8.29389e-06
2.35 -9.90105e-06 -7.88939e-06
2.36 -9.43636e-06 -7.50462e-06
2.37 -8.99347e-06 -7.13862e-06
2.38 -8.57138e-06 -6.79047e-06
2.39 -8.16909e-06 -6.45929e-06
2.4 -7.78568e-06 -6.14427e-06
2.41 -7.42027e-06 -5.84461e-06
2.42 -7.07201e-06 -5.55956e-06
2.43 -6.7401e-06 -5.28842e-06
2.44 -6.42376e-06 -5.0305e-06
2.45 -6.12227e-06 -4.78516e-06
2.46 -5.83493e-06 -4.55179e-06
2.47 -5.56107e-06 -4.32979e-06
2.48 -5.30007e-06 -4.11863e-06
2.49 -5.05132e-06 -3.91776e-06
2.5 -4.81424e-06 -3.72669e-06
2.51 -4.58829e-06 -3.54494e-06
2.52 -4.37295e-06 -3.37205e-06
2.53 -4.16771e-06 -3.20759e-06
2.54 -3.9721e-06 -3.05116e-06
2.55 -3.78567e-06 -2.90235e-06
2.56 -3.608e-06 -2.7608e-06
2.57 -3.43866e-06 -2.62615e-06
2.58 -3.27727e-06 -2.49807e-06
2.59 -3.12346e-06 -2.37624e-06
2.6 -2.97686e-06 -2.26035e-06
2.61 -2.83715e-06 -2.15011e-06
2.62 -2.70399e-06 -2.04525e-06
2.63 -2.57708e-06 -1.9455e-06
2.64 -2.45613e-06 -1.85062e-06
2.65 -2.34085e-06 -1.76036e-06
2.66 -2.23099e-06 -1.67451e-06
2.67 -2.12628e-06 -1.59284e-06
2.68 -2.02649e-06 -1.51516e-06
2.69 -1.93137e-06 -1.44127e-06
2.7 -1.84073e-06 -1.37097e-06
2.71 -1.75434e-06 -1.30411e-06
2.72 -1.672e-06 -1.24051e-06
2.73 -1.59352e-06 -1.18001e-06
2.74 -1.51873e-06 -1.12246e-06
2.75 -1.44745e-06 -1.06772e-06
2.76 -1.37952e-06 -1.01564e-06
2.77 -1.31477e-06 -9.66109e-07
2.78 -1.25307e-06 -9.18991e-07
2.79 -1.19426e-06 -8.74171e-07
2.8 -1.1382e-06 -8.31538e-07
2.81 -1.08478e-06 -7.90984e-07
2.82 -1.03387e-06 -7.52407e-07
2.83 -9.85348e-07 -7.15711e-07
2.84 -9.39102e-07 -6.80805e-07
2.85 -8.95026e-07 -6.47603e-07
2.86 -8.53019e-07 -6.16019e-07
2.87 -8.12984e-07 -5.85975e-07
2.88 -7.74827e-07 -5.57397e-07
2.89 -7.38462e-07 -5.30212e-07
2.9 -7.03803e-07 -5.04353e-07
2.91 -6.70771e-07 -4.79756e-07
2.92 -6.39289e-07 -4.56358e-07
2.93 -6.09285e-07 -4.34101e-07
2.94 -5.80689e-07 -4.1293e-07
2.95 -5.53435e-07 -3.92791e-07
2.96 -5.2746e-07 -3.73634e-07
2.97 -5.02705e-07 -3.55412e-07
2.98 -4.79111e-07 -3.38078e-07
2.99 -4.56624e-07 -3.2159e-07
3 -4.35193e-07 -3.05906e-07
3.01 -4.14768e-07 -2.90987e-07
3.02 -3.95301e-07 -2.76795e-07
3.03 -3.76748e-07 -2.63296e-07
3.04 -3.59066e-07 -2.50455e-07
3.05 -3.42214e-07 -2.3824e-07
3.06 -3.26152e-07 -2.26621e-07
3.07 -3.10845e-07 -2.15568e-07
3.08 -2.96256e-07 -2.05055e-07
3.09 -2.82351e-07 -1.95054e-07
3.1 -2.691e-07 -1.85541e-07
3.11 -2.5647e-07 -1.76492e-07
3.12 -2.44433e-07 -1.67885e-07
3.13 -2.3296e-07 -1.59697e-07
3.14 -2.22027e-07 -1.51909e-07
3.15 -2.11606e-07 -1.445e-07
3.16 -2.01675e-07 -1.37452e-07
3.17 -1.92209e-07 -1.30749e-07
3.18 -1.83188e-07 -1.24372e-07
3.19 -1.74591e-07 -1.18306e-07
3.2 -1.66396e-07 -1.12537e-07
3.21 -1.58587e-07 -1.07048e-07
3.22 -1.51144e-07 -1.01827e-07
3.23 -1.4405e-07 -9.68612e-08
3.24 -1.37289e-07 -9.21372e-08
3.25 -1.30846e-07 -8.76437e-08
3.26 -1.24705e-07 -8.33691e-08
3.27 -1.18852e-07 -7.93032e-08
3.28 -1.13274e-07 -7.54356e-08
3.29 -1.07957e-07 -7.17565e-08
3.3 -1.0289e-07 -6.82569e-08
3.31 -9.80613e-08 -6.49281e-08
3.32 -9.34589e-08 -6.17614e-08
3.33 -8.90725e-08 -5.87493e-08
3.34 -8.4892e-08 -5.58841e-08
3.35 -8.09077e-08 -5.31586e-08
3.36 -7.71104e-08 -5.0566e-08
3.37 -7.34913e-08 -4.80998e-08
3.38 -7.00421e-08 -4.5754e-08
3.39 -6.67547e-08 -4.35226e-08
3.4 -6.36217e-08 -4.13999e-08
3.41 -6.06357e-08 -3.93809e-08
3.42 -5.77898e-08 -3.74602e-08
3.43 -5.50775e-08 -3.56333e-08
3.44 -5.24925e-08 -3.38954e-08
3.45 -5.00288e-08 -3.22423e-08
3.46 -4.76808e-08 -3.06698e-08
3.47 -4.5443e-08 -2.91741e-08
3.48 -4.33101e-08 -2.77512e-08
3.49 -4.12774e-08 -2.63978e-08
3.5 -3.93401e-08 -2.51104e-08
3.51 -3.74938e-08 -2.38857e-08
3.52 -3.5734e-08 -2.27208e-08
3.53 -3.40569e-08 -2.16127e-08
3.54 -3.24585e-08 -2.05586e-08
3.55 -3.09351e-08 -1.9556e-08
3.56 -2.94832e-08 -1.86022e-08
3.57 -2.80994e-08 -1.7695e-08
3.58 -2.67806e-08 -1.6832e-08
3.59 -2.55237e-08 -1.60111e-08
3.6 -2.43258e-08 -1.52302e-08
3.61 -2.31841e-08 -1.44874e-08
3.62 -2.2096e-08 -1.37809e-08
3.63 -2.10589e-08 -1.31088e-08
3.64 -2.00706e-08 -1.24694e-08
3.65 -1.91286e-08 -1.18613e-08
3.66 -1.82308e-08 -1.12828e-08
3.67 -1.73752e-08 -1.07325e-08
3.68 -1.65597e-08 -1.02091e-08
3.69 -1.57825e-08 -9.7112e-09
3.7 -1.50417e-08 -9.23759e-09
3.71 -1.43358e-08 -8.78708e-09
3.72 -1.36629e-08 -8.35851e-09
3.73 -1.30217e-08 -7.95087e-09
3.74 -1.24105e-08 -7.56309e-09
3.75 -1.18281e-08 -7.19424e-09
3.76 -1.12729e-08 -6.84338e-09
3.77 -1.07439e-08 -6.50962e-09
3.78 -1.02396e-08 -6.19214e-09
3.79 -9.75902e-09 -5.89015e-09
3.8 -9.30099e-09 -5.60288e-09
3.81 -8.86446e-09 -5.32963e-09
3.82 -8.44842e-09 -5.06971e-09
3.83 -8.0519e-09 -4.82245e-09
3.84 -7.674e-09 -4.58726e-09
3.85 -7.31383e-09 -4.36353e-09
3.86 -6.97057e-09 -4.15072e-09
3.87 -6.64341e-09 -3.94829e-09
3.88 -6.33161e-09 -3.75573e-09
3.89 -6.03444e-09 -3.57256e-09
3.9 -5.75123e-09 -3.39832e-09
3.91 -5.4813e-09 -3.23258e-09
3.92 -5.22404e-09 -3.07493e-09
3.93 -4.97886e-09 -2.92496e-09
3.94 -4.74518e-09 -2.78231e-09
3.95 -4.52247e-09 -2.64662e-09
3.96 -4.31021e-09 -2.51754e-09
3.97 -4.10792e-09 -2.39476e-09
3.98 -3.91512e-09 -2.27797e-09
3.99 -3.73137e-09 -2.16687e-09
4 -3.55624e-09 -2.06119e-09
4.01 -3.38933e-09 -1.96066e-09
4.02 -3.23026e-09 -1.86504e-09
4.03 -3.07865e-09 -1.77408e-09
4.04 -2.93416e-09 -1.68755e-09
4.05 -2.79645e-09 -1.60525e-09
4.06 -2.6652e-09 -1.52696e-09
4.07 -2.54011e-09 -1.45248e-09
4.08 -2.42089e-09 -1.38164e-09
4.09 -2.30727e-09 -1.31426e-09
4.1 -2.19898e-09 -1.25016e-09
4.11 -2.09578e-09 -1.18919e-09
4.12 -1.99741e-09 -1.13119e-09
4.13 -1.90367e-09 -1.07602e-09
4.14 -1.81432e-09 -1.02354e-09
4.15 -1.72917e-09 -9.7362e-10
4.16 -1.64801e-09 -9.26135e-10
4.17 -1.57066e-09 -8.80966e-10
4.18 -1.49695e-09 -8.38e-10
4.19 -1.42669e-09 -7.97129e-10
4.2 -1.35973e-09 -7.58252e-10
4.21 -1.29591e-09 -7.2127e-10
4.22 -1.23509e-09 -6.86093e-10
4.23 -1.17712e-09 -6.52631e-10
4.24 -1.12188e-09 -6.20801e-10
4.25 -1.06922e-09 -5.90524e-10
4.26 -1.01904e-09 -5.61723e-10
4.27 -9.71211e-10 -5.34327e-10
4.28 -9.25629e-10 -5.08267e-10
4.29 -8.82185e-10 -4.83478e-10
4.3 -8.40781e-10 -4.59898e-10
4.31 -8.0132e-10 -4.37468e-10
4.32 -7.63711e-10 -4.16132e-10
4.33 -7.27867e-10 -3.95836e-10
4.34 -6.93705e-10 -3.76531e-10
4.35 -6.61147e-10 -3.58167e-10
4.36 -6.30117e-10 -3.40698e-10
4.37001 -6.00543e-10 -3.24082e-10
4.38001 -5.72358e-10 -3.08276e-10
4.39001 -5.45495e-10 -2.93241e-10
4.40001 -5.19893e-10 -2.78939e-10
4.41001 -4.95492e-10 -2.65335e-10
4.42001 -4.72237e-10 -2.52394e-10
4.43001 -4.50073e-10 -2.40084e-10
4.44001 -4.28949e-10 -2.28375e-10
4.45001 -4.08817e-10 -2.17237e-10
4.46001 -3.8963e-10 -2.06642e-10
4.47001 -3.71343e-10 -1.96563e-10
4.48001 -3.53914e-10 -1.86977e-10
4.49001 -3.37304e-10 -1.77857e-10
4.50001 -3.21473e-10 -1.69183e-10
4.51001 -3.06385e-10 -1.60932e-10
4.52001 -2.92005e-10 -1.53083e-10
4.53001 -2.783e-10 -1.45617e-10
4.54001 -2.65239e-10 -1.38515e-10
4.55001 -2.5279e-10 -1.31759e-10
4.56001 -2.40926e-10 -1.25333e-10
4.57001 -2.29618e-10 -1.1922e-10
4.58001 -2.18841e-10 -1.13406e-10
4.59001 -2.0857e-10 -1.07875e-10
4.60001 -1.98781e-10 -1.02614e-10
4.61001 -1.89452e-10 -9.76089e-11
4.62001 -1.8056e-10 -9.28483e-11
4.63001 -1.72086e-10 -8.832e-11
4.64001 -1.64009e-10 -8.40124e-11
4.65001 -1.56312e-10 -7.9915e-11
4.66001 -1.48975e-10 -7.60174e-11
4.67001 -1.41983e-10 -7.23099e-11
4.68001 -1.3532e-10 -6.87833e-11
4.69001 -1.28968e-10 -6.54286e-11
4.70001 -1.22915e-10 -6.22375e-11
4.71001 -1.17147e-10 -5.92021e-11
4.72001 -1.11648e-10 -5.63147e-11
4.73001 -1.06408e-10 -5.35682e-11
4.74001 -1.01414e-10 -5.09555e-11
4.75001 -9.66544e-11 -4.84704e-11
4.76001 -9.21181e-11 -4.61064e-11
4.77001 -8.77946e-11 -4.38577e-11
4.78001 -8.36741e-11 -4.17187e-11
4.79001 -7.97469e-11 -3.9684e-11
4.80001 -7.60041e-11 -3.77485e-11
4.81002 -7.24369e-11 -3.59075e-11
4.82002 -6.90372e-11 -3.41562e-11
4.83002 -6.5797e-11 -3.24904e-11
4.84002 -6.27089e-11 -3.09057e-11
4.85002 -5.97657e-11 -2.93984e-11
4.86002 -5.69607e-11 -2.79646e-11
4.87002 -5.42873e-11 -2.66007e-11
4.88002 -5.17394e-11 -2.53034e-11
4.89002 -4.93111e-11 -2.40693e-11
4.90002 -4.69967e-11 -2.28954e-11
4.91002 -4.4791e-11 -2.17787e-11
4.92002 -4.26888e-11 -2.07166e-11
4.93002 -4.06852e-11 -1.97062e-11
4.94002 -3.87757e-11 -1.87451e-11
4.95002 -3.69558e-11 -1.78308e-11
4.96002 -3.52214e-11 -1.69612e-11
4.97002 -3.35683e-11 -1.6134e-11
4.98002 -3.19928e-11 -1.53471e-11
4.99002 -3.04913e-11 -1.45986e-11
