0.4	0.46	>>1.65156	3.79947
1.65156	3.79947	>>2.66495	7.76279
2.66495	7.76279	>>2.90715	13.0321
2.90715	13.0321	>>3.95826	9.94308
3.95826	9.94308	>>1.95287	8.64948
1.95287	8.64948	>>4.84219	9.31292
4.84219	9.31292	>>3.56191	12.7673
3.56191	12.7673	>>4.18178	15.0556
4.18178	15.0556	>>4.96394	19.187
4.96394	19.187	>>7.15716	20.239
7.15716	20.239	>>7.38433	15.0131
7.38433	15.0131	>>6.98816	19.0775
6.98816	19.0775	>>9.58465	18.8402
9.58465	18.8402	>>11.9899	20.0067
11.9899	20.0067	>>12.2546	19.613
12.2546	19.613	>>12.0673	20.1672
12.0673	20.1672	>>14.503	18.728
14.503	18.728	>>13.6464	18.8433
13.6464	18.8433	>>15.3268	20.491
15.3268	20.491	>>15.5016	26.0463
15.5016	26.0463	>>13.7776	25.9963
13.7776	25.9963	>>13.7476	19.8118
13.7476	19.8118	>>13.7113	24.0041
13.7113	24.0041	>>13.677	17.9498
13.677	17.9498	>>14.4443	13.2029
14.4443	13.2029	>>12.7784	11.3438
12.7784	11.3438	>>12.1734	13.3449
12.1734	13.3449	>>10.9038	11.6167
10.9038	11.6167	>>13.5285	11.4697
13.5285	11.4697	>>14.6697	10.4065
14.6697	10.4065	>>15.99	7.97057
15.99	7.97057	>>14.8552	7.59492
14.8552	7.59492	>>16.7191	6.05859
16.7191	6.05859	>>16.3776	1.7616
16.3776	1.7616	>>16.7153	-2.5095
16.7153	-2.5095	>>16.7847	-8.62986
16.7847	-8.62986	>>16.0103	-8.64065
16.0103	-8.64065	>>12.9438	-8.69456
12.9438	-8.69456	>>11.0318	-7.11899
11.0318	-7.11899	>>7.98287	-6.94722
7.98287	-6.94722	>>9.91133	-7.45158
9.91133	-7.45158	>>11.4643	-10.0513
11.4643	-10.0513	>>13.318	-8.88481
13.318	-8.88481	>>11.9378	-8.5395
11.9378	-8.5395	>>10.5374	-10.7095
10.5374	-10.7095	>>12.0129	-9.4812
12.0129	-9.4812	>>12.7434	-8.99686
12.7434	-8.99686	>>12.7421	-15.2377
12.7421	-15.2377	>>12.7509	-9.11319
12.7509	-9.11319	>>12.6356	-10.4302
12.6356	-10.4302	>>11.1032	-13.218
11.1032	-13.218	>>10.1483	-16.6085
10.1483	-16.6085	>>8.39381	-15.264
8.39381	-15.264	>>7.95058	-19.1247
7.95058	-19.1247	>>4.931	-19.253
4.931	-19.253	>>5.03808	-16.6159
5.03808	-16.6159	>>2.03085	-16.3545
2.03085	-16.3545	>>4.99178	-16.7352
4.99178	-16.7352	>>4.41059	-16.4208
4.41059	-16.4208	>>2.13768	-14.7796
2.13768	-14.7796	>>2.85132	-19.3317
2.85132	-19.3317	>>4.51602	-16.4519
4.51602	-16.4519	>>2.7466	-16.9476
2.7466	-16.9476	>>2.76586	-21.6613
2.76586	-21.6613	>>2.39728	-19.2667
2.39728	-19.2667	>>1.86351	-23.0032
1.86351	-23.0032	>>1.77856	-27.7508
1.77856	-27.7508	>>1.78531	-21.581
1.78531	-21.581	>>1.11572	-25.1219
1.11572	-25.1219	>>-1.16261	-24.6997
-1.16261	-24.6997	>>-2.18081	-20.5865
-2.18081	-20.5865	>>-3.4306	-23.5464
-3.4306	-23.5464	>>-1.88713	-25.848
-1.88713	-25.848	>>0.298934	-27.4486
0.298934	-27.4486	>>-0.329594	-22.9052
-0.329594	-22.9052	>>-1.64773	-24.6189
-1.64773	-24.6189	>>0.306968	-23.9222
0.306968	-23.9222	>>-0.681467	-20.9457
-0.681467	-20.9457	>>-1.56398	-16.7504
-1.56398	-16.7504	>>-1.57964	-19.203
-1.57964	-19.203	>>-0.0199925	-21.5955
-0.0199925	-21.5955	>>-2.93418	-21.9263
-2.93418	-21.9263	>>-0.667657	-20.5399
-0.667657	-20.5399	>>0.120327	-15.5997
0.120327	-15.5997	>>-1.98495	-13.9979
-1.98495	-13.9979	>>-1.90261	-13.4073
-1.90261	-13.4073	>>0.406832	-12.1956
0.406832	-12.1956	>>2.09436	-14.7421
2.09436	-14.7421	>>1.84245	-18.2048
1.84245	-18.2048	>>0.870941	-13.9665
0.870941	-13.9665	>>1.78422	-17.9956
1.78422	-17.9956	>>1.82646	-24.0876
1.82646	-24.0876	>>0.455124	-26.9177
0.455124	-26.9177	>>-2.16084	-26.1212
-2.16084	-26.1212	>>-3.9106	-26.708
-3.9106	-26.708	>>-5.22364	-29.4849
-5.22364	-29.4849	>>-5.10749	-35.4812
-5.10749	-35.4812	>>-4.52027	-39.2323
-4.52027	-39.2323	>>-3.82846	-39.9972
-3.82846	-39.9972	>>-3.77837	-34.4935
-3.77837	-34.4935	>>-3.74081	-28.3795
-3.74081	-28.3795	>>-4.02002	-28.4225
-4.02002	-28.4225	>>-1.43395	-28.8237
-1.43395	-28.8237	>>-3.69794	-27.1775
-3.69794	-27.1775	>>-2.82671	-30.5174
-2.82671	-30.5174	>>-3.12284	-25.0205
-3.12284	-25.0205	>>-3.71467	-29.3168
-3.71467	-29.3168	>>-4.301	-33.6844
-4.301	-33.6844	>>-3.64348	-29.9231
-3.64348	-29.9231	>>-5.31067	-27.3872
-5.31067	-27.3872	>>-6.37448	-27.9135
-6.37448	-27.9135	>>-8.2713	-29.7337
-8.2713	-29.7337	>>-8.20597	-23.7324
-8.20597	-23.7324	>>-8.41541	-17.9348
-8.41541	-17.9348	>>-10.356	-19.9579
-10.356	-19.9579	>>-11.2969	-24.0536
-11.2969	-24.0536	>>-10.7875	-28.977
-10.7875	-28.977	>>-10.6057	-23.2464
-10.6057	-23.2464	>>-10.4914	-27.0943
-10.4914	-27.0943	>>-7.59144	-27.2406
-7.59144	-27.2406	>>-7.27282	-30.5968
-7.27282	-30.5968	>>-6.94362	-33.113
-6.94362	-33.113	>>-9.82083	-32.6505
-9.82083	-32.6505	>>-11.0193	-34.0909
-11.0193	-34.0909	>>-13.8649	-34.4489
-13.8649	-34.4489	>>-12.6664	-30.8609
-12.6664	-30.8609	>>-14.3005	-32.1514
-14.3005	-32.1514	>>-13.4623	-30.5687
-13.4623	-30.5687	>>-11.1602	-31.5947
-11.1602	-31.5947	>>-12.7968	-33.8726
-12.7968	-33.8726	>>-11.9819	-34.429
-11.9819	-34.429	>>-9.56201	-34.0175
-9.56201	-34.0175	>>-8.92089	-31.6621
-8.92089	-31.6621	>>-11.3441	-32.8371
-11.3441	-32.8371	>>-12.8272	-30.1627
-12.8272	-30.1627	>>-14.052	-32.3796
-14.052	-32.3796	>>-11.0517	-32.3689
-11.0517	-32.3689	>>-8.05352	-32.0912
-8.05352	-32.0912	>>-10.7833	-33.0622
-10.7833	-33.0622	>>-11.174	-28.4386
-11.174	-28.4386	>>-10.1076	-32.1865
-10.1076	-32.1865	>>-11.9058	-29.6271
-11.9058	-29.6271	>>-14.4558	-29.4972
-14.4558	-29.4972	>>-14.5629	-31.2106
-14.5629	-31.2106	>>-13.1687	-33.2606
-13.1687	-33.2606	>>-12.9532	-27.7985
-12.9532	-27.7985	>>-11.2501	-29.3525
-11.2501	-29.3525	>>-11.1566	-27.2215
-11.1566	-27.2215	>>-11.7943	-22.4484
-11.7943	-22.4484	>>-11.3302	-17.875
-11.3302	-17.875	>>-12.7599	-17.5285
-12.7599	-17.5285	>>-12.7939	-11.5338
-12.7939	-11.5338	>>-13.1067	-5.88254
-13.1067	-5.88254	>>-10.5961	-6.00695
-10.5961	-6.00695	>>-10.3659	-2.44279
-10.3659	-2.44279	>>-11.6938	-5.76806
-11.6938	-5.76806	>>-11.9588	-11.5812
-11.9588	-11.5812	>>-14.5233	-10.656
-14.5233	-10.656	>>-11.6362	-10.9491
-11.6362	-10.9491	>>-12.91	-7.33183
-12.91	-7.33183	>>-10.6847	-9.24556
-10.6847	-9.24556	>>-10.6097	-14.9626
-10.6097	-14.9626	>>-11.7361	-11.5242
-11.7361	-11.5242	>>-11.6247	-5.44939
-11.6247	-5.44939	>>-12.987	-2.05592
-12.987	-2.05592	>>-15.0041	-1.64566
-15.0041	-1.64566	>>-18.0399	-1.6142
-18.0399	-1.6142	>>-21.0775	-1.9218
-21.0775	-1.9218	>>-18.7305	-3.39495
-18.7305	-3.39495	>>-19.1974	-2.23137
-19.1974	-2.23137	>>-19.4555	3.44755
-19.4555	3.44755	>>-17.6242	2.01416
-17.6242	2.01416	>>-18.0314	6.30391
-18.0314	6.30391	>>-19.9731	7.21136
-19.9731	7.21136	>>-18.5365	6.24931
-18.5365	6.24931	>>-18.5633	4.82325
-18.5633	4.82325	>>-16.2292	3.47506
-16.2292	3.47506	>>-16.3855	-2.55606
-16.3855	-2.55606	>>-14.8982	-5.87087
-14.8982	-5.87087	>>-12.441	-6.29995
-12.441	-6.29995	>>-14.1384	-4.37753
-14.1384	-4.37753	>>-12.0391	-4.2285
-12.0391	-4.2285	>>-12.8582	-2.7871
-12.8582	-2.7871	>>-12.0053	-7.27733
-12.0053	-7.27733	>>-10.9478	-7.07586
-10.9478	-7.07586	>>-13.3452	-5.8036
-13.3452	-5.8036	>>-14.3976	-1.55335
-14.3976	-1.55335	>>-12.874	-4.64676
-12.874	-4.64676	>>-14.9299	-5.58089
-14.9299	-5.58089	>>-17.3084	-4.03056
-17.3084	-4.03056	>>-16.9211	-9.59242
-16.9211	-9.59242	>>-19.4115	-8.23374
-19.4115	-8.23374	>>-18.8809	-5.03589
-18.8809	-5.03589	>>-19.8546	-1.08154
-19.8546	-1.08154	>>-21.4268	1.76213
-21.4268	1.76213	>>-21.0063	4.48494
-21.0063	4.48494	>>-21.5971	4.23883
-21.5971	4.23883	>>-21.965	0.652223
-21.965	0.652223	>>-19.0987	0.113277
-19.0987	0.113277	>>-16.5144	-0.194587
-16.5144	-0.194587	>>-14.5031	-0.60611
-14.5031	-0.60611	>>-11.4503	-0.569529
-11.4503	-0.569529	>>-9.18279	-1.89867
-9.18279	-1.89867	>>-7.8665	-3.23001
-7.8665	-3.23001	>>-8.36976	-7.67241
-8.36976	-7.67241	>>-6.65327	-5.34379
-6.65327	-5.34379	>>-8.38486	-7.60949
-8.38486	-7.60949	>>-6.14037	-8.66915
-6.14037	-8.66915	>>-7.90148	-6.37954
-7.90148	-6.37954	>>-5.40575	-6.40073
-5.40575	-6.40073	>>-7.82352	-7.30357
-7.82352	-7.30357	>>-7.00619	-11.9097
-7.00619	-11.9097	>>-4.15915	-11.9988
-4.15915	-11.9988	>>-4.13175	-17.2662
-4.13175	-17.2662	>>-3.68677	-12.6878
-3.68677	-12.6878	>>-2.76706	-16.5336
-2.76706	-16.5336	>>-2.86444	-10.6888
-2.86444	-10.6888	>>-4.25131	-13.8699
-4.25131	-13.8699	>>-4.17857	-13.0777
-4.17857	-13.0777	>>-5.38115	-16.5325
-5.38115	-16.5325	>>-4.4935	-20.5462
-4.4935	-20.5462	>>-2.77442	-20.7689
-2.77442	-20.7689	>>-2.68438	-26.8797
-2.68438	-26.8797	>>-4.03057	-26.9054
-4.03057	-26.9054	>>-1.1527	-27.2808
-1.1527	-27.2808	>>-0.441259	-22.4075
-0.441259	-22.4075	>>-3.09529	-23.176
-3.09529	-23.176	>>-5.21965	-21.2442
-5.21965	-21.2442	>>-5.27028	-15.1358
-5.27028	-15.1358	>>-4.97197	-14.682
-4.97197	-14.682	>>-7.2913	-15.3504
-7.2913	-15.3504	>>-7.968	-13.148
-7.968	-13.148	>>-10.8979	-13.4291
-10.8979	-13.4291	>>-8.98749	-11.2554
-8.98749	-11.2554	>>-8.77578	-11.7485
-8.77578	-11.7485	>>-8.78332	-17.9251
-8.78332	-17.9251	>>-8.33392	-14.6282
-8.33392	-14.6282	>>-6.84063	-14.7512
-6.84063	-14.7512	>>-6.81566	-20.0336
-6.81566	-20.0336	>>-7.29434	-14.6485
-7.29434	-14.6485	>>-6.55905	-13.2588
-6.55905	-13.2588	>>-6.88533	-15.5328
-6.88533	-15.5328	>>-7.80484	-11.6405
-7.80484	-11.6405	>>-8.75403	-12.4199
-8.75403	-12.4199	>>-8.77018	-9.40419
-8.77018	-9.40419	>>-8.491	-7.54007
-8.491	-7.54007	>>-6.98122	-7.86094
-6.98122	-7.86094	>>-3.92344	-8.03634
-3.92344	-8.03634	>>-5.13047	-5.35316
-5.13047	-5.35316	>>-2.99882	-3.83428
-2.99882	-3.83428	>>-0.26219	-3.8595
-0.26219	-3.8595	>>-0.401364	-2.26472
-0.401364	-2.26472	>>-0.860823	1.35518
-0.860823	1.35518	>>-2.73902	0.463197
-2.73902	0.463197	>>-2.59853	6.23366
-2.59853	6.23366	>>-3.13165	2.62685
-3.13165	2.62685	>>-0.934233	3.02416
-0.934233	3.02416	>>-0.0866066	5.37824
-0.0866066	5.37824	>>-2.82147	5.04214
-2.82147	5.04214	>>-2.17796	9.73512
-2.17796	9.73512	>>-1.90619	15.3385
-1.90619	15.3385	>>-4.19759	13.9942
-4.19759	13.9942	>>-4.27816	8.05278
-4.27816	8.05278	>>-4.55853	3.43034
-4.55853	3.43034	>>-2.282	4.9827
-2.282	4.9827	>>-2.16761	-1.09663
-2.16761	-1.09663	>>-3.70398	-3.31795
-3.70398	-3.31795	>>-4.45008	-7.54964
-4.45008	-7.54964	>>-2.72344	-9.19016
-2.72344	-9.19016	>>-2.30078	-13.4381
-2.30078	-13.4381	>>-2.92639	-17.4125
-2.92639	-17.4125	>>-0.462671	-16.2988
-0.462671	-16.2988	>>-2.20763	-15.0553
-2.20763	-15.0553	>>-2.79741	-19.9433
-2.79741	-19.9433	>>-2.25632	-15.659
-2.25632	-15.659	>>-2.23263	-13.4243
-2.23263	-13.4243	>>-1.87424	-16.719
-1.87424	-16.719	>>-2.68629	-20.7319
-2.68629	-20.7319	>>-2.38958	-26.2723
-2.38958	-26.2723	>>-3.03853	-22.3509
-3.03853	-22.3509	>>-0.106491	-21.8129
-0.106491	-21.8129	>>1.68771	-18.9053
1.68771	-18.9053	>>0.660521	-20.72
0.660521	-20.72	>>1.24575	-15.9128
1.24575	-15.9128	>>1.23258	-13.4
1.23258	-13.4	>>1.46543	-11.8499
1.46543	-11.8499	>>-1.469	-12.35
-1.469	-12.35	>>-4.38026	-11.9026
-4.38026	-11.9026	>>-6.47224	-13.1066
-6.47224	-13.1066	>>-3.47931	-13.4226
-3.47931	-13.4226	>>-6.04231	-13.8374
-6.04231	-13.8374	>>-3.3221	-12.9955
-3.3221	-12.9955	>>-3.39418	-18.6015
-3.39418	-18.6015	>>-1.08853	-19.959
-1.08853	-19.959	>>0.252138	-22.7347
0.252138	-22.7347	>>0.279083	-28.8098
0.279083	-28.8098	>>-0.176324	-33.5799
-0.176324	-33.5799	>>-1.4333	-36.889
-1.4333	-36.889	>>-4.2171	-37.1784
-4.2171	-37.1784	>>-4.79759	-33.67
-4.79759	-33.67	>>-5.49905	-36.5569
-5.49905	-36.5569	>>-3.44035	-36.5867
-3.44035	-36.5867	>>-0.882653	-37.7764
-0.882653	-37.7764	>>-0.148795	-41.8462
-0.148795	-41.8462	>>1.66873	-39.7616
1.66873	-39.7616	>>1.4589	-34.3032
1.4589	-34.3032	>>-0.436909	-35.6218
-0.436909	-35.6218	>>2.4187	-35.872
2.4187	-35.872	>>-0.366295	-36.1794
-0.366295	-36.1794	>>1.20156	-33.4609
1.20156	-33.4609	>>1.60098	-28.3675
1.60098	-28.3675	>>-0.858163	-27.7867
-0.858163	-27.7867	>>-0.0146635	-32.2888
-0.0146635	-32.2888	>>1.45458	-31.7626
1.45458	-31.7626	>>0.976167	-33.5225
0.976167	-33.5225	>>0.107697	-34.4366
0.107697	-34.4366	>>1.81308	-31.869
1.81308	-31.869	>>3.11238	-31.0703
3.11238	-31.0703	>>1.31496	-28.2935
1.31496	-28.2935	>>0.620081	-33.3953
0.620081	-33.3953	>>-1.52787	-34.2182
-1.52787	-34.2182	>>-0.31653	-35.1968
-0.31653	-35.1968	>>0.417325	-30.9257
0.417325	-30.9257	>>-1.81333	-29.2333
-1.81333	-29.2333	>>-2.04767	-34.8083
-2.04767	-34.8083	>>-0.0235128	-33.3553
-0.0235128	-33.3553	>>3.0012	-33.073
3.0012	-33.073	>>0.508413	-33.0419
0.508413	-33.0419	>>2.08136	-33.3386
2.08136	-33.3386	>>4.49402	-34.8668
4.49402	-34.8668	>>1.36945	-34.9057
1.36945	-34.9057	>>-0.681819	-33.4515
-0.681819	-33.4515	>>-1.47958	-28.983
-1.47958	-28.983	>>-2.1388	-29.7557
-2.1388	-29.7557	>>-1.98976	-24.948
-1.98976	-24.948	>>-0.0876024	-24.6435
-0.0876024	-24.6435	>>-2.74166	-24.089
-2.74166	-24.089	>>-2.50522	-20.9995
-2.50522	-20.9995	>>-2.52346	-20.7943
-2.52346	-20.7943	>>-4.17153	-21.6063
-4.17153	-21.6063	>>-5.70118	-23.2305
-5.70118	-23.2305	>>-5.44891	-28.9361
-5.44891	-28.9361	>>-7.56951	-30.2204
-7.56951	-30.2204	>>-6.51866	-32.6284
-6.51866	-32.6284	>>-3.39198	-32.6139
-3.39198	-32.6139	>>-1.03328	-33.4051
-1.03328	-33.4051	>>1.83962	-33.8096
1.83962	-33.8096	>>3.03684	-29.7005
3.03684	-29.7005	>>1.26872	-30.8157
1.26872	-30.8157	>>0.925788	-35.3218
0.925788	-35.3218	>>3.16068	-33.436
3.16068	-33.436	>>4.3035	-29.9948
4.3035	-29.9948	>>4.23028	-24.1154
4.23028	-24.1154	>>3.94229	-22.9773
3.94229	-22.9773	>>4.77716	-25.0713
4.77716	-25.0713	>>4.2852	-29.2356
4.2852	-29.2356	>>4.42678	-35.1801
4.42678	-35.1801	>>6.62636	-36.8207
6.62636	-36.8207	>>4.97345	-33.7833
4.97345	-33.7833	>>6.23732	-32.8058
6.23732	-32.8058	>>6.33498	-37.8334
6.33498	-37.8334	>>4.87672	-40.8187
4.87672	-40.8187	>>6.63487	-37.7618
6.63487	-37.7618	>>6.33936	-33.0731
6.33936	-33.0731	>>7.73451	-29.59
7.73451	-29.59	>>7.9217	-32.5992
7.9217	-32.5992	>>5.25463	-33.719
5.25463	-33.719	>>5.32671	-39.364
5.32671	-39.364	>>3.79864	-40.475
3.79864	-40.475	>>4.11935	-46.0423
4.11935	-46.0423	>>2.98913	-42.2248
2.98913	-42.2248	>>2.01003	-41.8267
2.01003	-41.8267	>>4.57868	-42.0722
4.57868	-42.0722	>>6.71793	-44.0521
6.71793	-44.0521	>>7.04148	-49.159
7.04148	-49.159	>>4.30298	-49.7346
4.30298	-49.7346	>>4.51839	-55.4739
4.51839	-55.4739	>>3.51628	-56.1428
3.51628	-56.1428	>>6.55187	-56.0402
6.55187	-56.0402	>>7.976	-57.8567
7.976	-57.8567	>>11.0124	-57.5841
11.0124	-57.5841	>>8.29347	-57.3174
8.29347	-57.3174	>>7.58744	-61.5957
7.58744	-61.5957	>>10.0373	-62.9661
10.0373	-62.9661	>>11.2911	-61.681
11.2911	-61.681	>>11.9755	-65.3064
11.9755	-65.3064	>>14.004	-64.5373
14.004	-64.5373	>>12.5871	-64.3939
12.5871	-64.3939	>>10.0312	-64.9607
10.0312	-64.9607	>>11.4833	-63.9215
11.4833	-63.9215	>>8.86975	-63.5934
8.86975	-63.5934	>>6.82499	-65.629
6.82499	-65.629	>>5.31384	-65.7026
5.31384	-65.7026	>>6.05236	-70.2763
6.05236	-70.2763	>>7.00512	-72.2334
7.00512	-72.2334	>>6.35381	-72.4277
6.35381	-72.4277	>>4.78953	-69.6106
4.78953	-69.6106	>>3.93632	-71.0787
3.93632	-71.0787	>>1.48817	-72.5485
1.48817	-72.5485	>>3.28457	-72.1501
3.28457	-72.1501	>>4.01944	-73.6827
4.01944	-73.6827	>>1.69654	-74.1534
1.69654	-74.1534	>>2.57909	-72.4395
2.57909	-72.4395	>>0.70875	-74.4743
0.70875	-74.4743	>>0.483167	-80.097
0.483167	-80.097	>>3.42384	-79.83
3.42384	-79.83	>>1.03287	-81.5305
1.03287	-81.5305	>>-0.108683	-80.3081
-0.108683	-80.3081	>>1.55713	-77.1949
1.55713	-77.1949	>>3.41153	-75.5886
3.41153	-75.5886	>>5.85087	-73.9411
5.85087	-73.9411	>>7.15899	-77.4544
7.15899	-77.4544	>>8.03613	-73.2075
8.03613	-73.2075	>>6.48812	-74.3757
6.48812	-74.3757	>>3.35004	-74.4009
3.35004	-74.4009	>>1.52547	-73.0815
1.52547	-73.0815	>>4.15913	-73.6546
4.15913	-73.6546	>>2.65586	-75.2633
2.65586	-75.2633	>>2.37892	-70.0781
2.37892	-70.0781	>>4.32573	-67.4497
4.32573	-67.4497	>>3.42422	-63.1616
3.42422	-63.1616	>>5.96532	-64.274
5.96532	-64.274	>>6.88262	-62.9548
6.88262	-62.9548	>>8.16813	-66.3643
8.16813	-66.3643	>>9.61384	-67.4378
9.61384	-67.4378	>>7.98918	-70.172
7.98918	-70.172	>>5.38135	-69.9572
5.38135	-69.9572	>>4.16397	-66.4442
4.16397	-66.4442	>>5.1515	-62.5554
5.1515	-62.5554	>>4.03592	-58.4315
4.03592	-58.4315	>>6.34045	-57.5849
6.34045	-57.5849	>>7.89281	-54.7433
7.89281	-54.7433	>>7.68023	-50.87
7.68023	-50.87	>>6.43924	-50.1576
6.43924	-50.1576	>>9.14515	-50.9533
9.14515	-50.9533	>>10.1672	-47.0023
10.1672	-47.0023	>>10.1248	-41.5579
10.1248	-41.5579	>>8.69227	-38.0695
8.69227	-38.0695	>>9.4752	-42.1162
9.4752	-42.1162	>>12.5729	-41.9478
12.5729	-41.9478	>>10.8812	-44.0369
10.8812	-44.0369	>>9.82012	-47.9606
9.82012	-47.9606	>>10.4984	-52.7786
10.4984	-52.7786	>>9.39563	-52.838
9.39563	-52.838	>>7.11812	-54.7672
7.11812	-54.7672	>>7.59945	-58.9608
7.59945	-58.9608	>>6.42103	-62.0799
6.42103	-62.0799	>>8.78957	-60.3195
8.78957	-60.3195	>>9.4548	-56.1245
9.4548	-56.1245	>>12.4962	-56.0037
12.4962	-56.0037	>>12.6406	-55.8551
12.6406	-55.8551	>>10.7838	-54.3623
10.7838	-54.3623	>>11.5331	-53.0084
11.5331	-53.0084	>>11.8558	-54.3023
11.8558	-54.3023	>>13.0855	-50.2068
13.0855	-50.2068	>>11.7185	-52.8472
11.7185	-52.8472	>>11.2288	-50.3789
11.2288	-50.3789	>>11.547	-50.464
11.547	-50.464	>>10.2464	-52.0538
10.2464	-52.0538	>>10.2635	-46.922
10.2635	-46.922	>>9.96056	-43.7755
9.96056	-43.7755	>>10.927	-42.2864
10.927	-42.2864	>>12.1893	-39.7212
12.1893	-39.7212	>>11.8073	-45.029
11.8073	-45.029	>>11.3802	-50.6394
11.3802	-50.6394	>>13.7012	-51.1427
13.7012	-51.1427	>>14.5344	-50.1907
14.5344	-50.1907	>>16.6007	-49.2605
16.6007	-49.2605	>>16.2771	-45.5566
16.2771	-45.5566	>>16.6876	-40.6262
16.6876	-40.6262	>>17.7961	-40.9047
17.7961	-40.9047	>>18.7185	-42.7392
18.7185	-42.7392	>>18.7889	-36.7044
18.7889	-36.7044	>>18.3254	-31.8039
18.3254	-31.8039	>>17.3724	-36.3682
17.3724	-36.3682	>>15.1264	-37.035
15.1264	-37.035	>>14.2203	-32.87
14.2203	-32.87	>>14.7053	-33.642
14.7053	-33.642	>>15.464	-32.7388
15.464	-32.7388	>>15.8983	-34.1183
15.8983	-34.1183	>>13.3286	-34.6666
13.3286	-34.6666	>>14.6935	-37.119
14.6935	-37.119	>>15.6899	-37.932
15.6899	-37.932	>>14.8856	-41.4781
14.8856	-41.4781	>>15.547	-45.376
15.547	-45.376	>>12.5724	-45.2849
12.5724	-45.2849	>>11.3944	-42.7188
11.3944	-42.7188	>>12.3643	-46.1915
12.3643	-46.1915	>>13.7994	-49.4924
13.7994	-49.4924	>>13.8993	-55.3962
13.8993	-55.3962	>>16.3987	-56.1458
16.3987	-56.1458	>>18.8951	-56.879
18.8951	-56.879	>>21.4349	-56.8278
21.4349	-56.8278	>>19.0138	-58.3506
19.0138	-58.3506	>>21.9879	-58.5471
21.9879	-58.5471	>>20.2366	-58.9599
20.2366	-58.9599	>>20.3162	-53.6815
20.3162	-53.6815	>>21.3475	-57.1415
21.3475	-57.1415	>>23.1926	-57.8817
23.1926	-57.8817	>>24.2051	-57.7549
24.2051	-57.7549	>>24.2533	-63.7844
24.2533	-63.7844	>>24.1847	-69.6368
24.1847	-69.6368	>>23.0355	-70.1285
23.0355	-70.1285	>>19.9984	-70.1022
19.9984	-70.1022	>>16.9858	-70.1242
16.9858	-70.1242	>>13.8501	-70.1652
13.8501	-70.1652	>>12.164	-67.9928
12.164	-67.9928	>>12.3019	-62.6712
12.3019	-62.6712	>>13.2214	-65.6115
13.2214	-65.6115	>>12.7632	-64.1836
12.7632	-64.1836	>>12.4981	-60.2807
12.4981	-60.2807	>>11.3155	-60.3527
11.3155	-60.3527	>>10.0216	-62.2862
10.0216	-62.2862	>>11.381	-63.0715
11.381	-63.0715	>>13.2354	-60.21
13.2354	-60.21	>>13.1439	-65.4863
13.1439	-65.4863	>>13.4629	-60.6867
13.4629	-60.6867	>>15.6616	-61.6342
15.6616	-61.6342	>>17.2232	-61.3546
17.2232	-61.3546	>>17.6379	-63.3008
17.6379	-63.3008	>>16.4725	-59.2853
16.4725	-59.2853	>>15.1386	-60.2863
15.1386	-60.2863	>>15.9958	-64.722
15.9958	-64.722	>>14.9128	-64.5685
14.9128	-64.5685	>>12.8425	-66.854
12.8425	-66.854	>>14.5857	-65.1675
14.5857	-65.1675	>>16.8628	-63.7067
16.8628	-63.7067	>>15.7665	-59.7916
15.7665	-59.7916	>>15.9776	-54.1952
15.9776	-54.1952	>>13.9935	-53.5516
13.9935	-53.5516	>>12.0976	-53.7639
12.0976	-53.7639	>>12.5322	-57.355
12.5322	-57.355	>>9.57226	-56.9656
9.57226	-56.9656	>>8.40899	-59.3887
8.40899	-59.3887	>>5.75499	-59.0201
5.75499	-59.0201	>>5.70571	-65.1821
5.70571	-65.1821	>>6.28392	-61.5037
6.28392	-61.5037	>>6.31875	-55.3686
6.31875	-55.3686	>>4.91922	-56.1823
4.91922	-56.1823	>>2.82065	-54.3179
2.82065	-54.3179	>>3.90316	-50.3269
3.90316	-50.3269	>>6.06969	-48.1071
6.06969	-48.1071	>>3.33865	-47.3518
3.33865	-47.3518	>>1.66905	-49.2035
1.66905	-49.2035	>>2.46509	-44.8294
2.46509	-44.8294	>>-0.127796	-45.6406
-0.127796	-45.6406	>>-2.3363	-45.0409
-2.3363	-45.0409	>>-1.58112	-49.88
-1.58112	-49.88	>>-4.36433	-49.881
-4.36433	-49.881	>>-6.35062	-49.9424
-6.35062	-49.9424	>>-7.52678	-53.5186
-7.52678	-53.5186	>>-6.8069	-52.4823
-6.8069	-52.4823	>>-6.5854	-46.8382
-6.5854	-46.8382	>>-9.04464	-48.4493
-9.04464	-48.4493	>>-7.23465	-49.7791
-7.23465	-49.7791	>>-7.09165	-43.8133
-7.09165	-43.8133	>>-5.17273	-41.2718
-5.17273	-41.2718	>>-4.75381	-35.8418
-4.75381	-35.8418	>>-4.77533	-38.7417
-4.77533	-38.7417	>>-4.81711	-44.8537
-4.81711	-44.8537	>>-3.66487	-46.7157
-3.66487	-46.7157	>>-2.96149	-51.4727
-2.96149	-51.4727	>>-1.94453	-50.0907
-1.94453	-50.0907	>>-4.59471	-49.0742
-4.59471	-49.0742	>>-2.46178	-46.8049
-2.46178	-46.8049	>>-4.38721	-45.5957
-4.38721	-45.5957	>>-2.22298	-47.3017
-2.22298	-47.3017	>>-1.84339	-42.1482
-1.84339	-42.1482	>>-3.42972	-43.3337
-3.42972	-43.3337	>>-5.85812	-41.8599
-5.85812	-41.8599	>>-3.99635	-43.0791
-3.99635	-43.0791	>>-6.62594	-42.9933
-6.62594	-42.9933	>>-6.81841	-38.5765
-6.81841	-38.5765	>>-7.81779	-35.0236
-7.81779	-35.0236	>>-8.17065	-29.462
-8.17065	-29.462	>>-7.44127	-34.1919
-7.44127	-34.1919	>>-5.5124	-32.6025
-5.5124	-32.6025	>>-2.49934	-32.4369
-2.49934	-32.4369	>>-4.73532	-32.4539
-4.73532	-32.4539	>>-4.94752	-27.4484
-4.94752	-27.4484	>>-3.17345	-25.9078
-3.17345	-25.9078	>>-1.76236	-27.8125
-1.76236	-27.8125	>>-1.65965	-32.5085
-1.65965	-32.5085	>>-1.47098	-27.2203
-1.47098	-27.2203	>>-0.35288	-26.1881
-0.35288	-26.1881	>>0.918741	-22.8447
0.918741	-22.8447	>>3.50664	-21.5283
3.50664	-21.5283	>>4.59557	-21.7792
4.59557	-21.7792	>>3.68632	-18.3941
3.68632	-18.3941	>>2.58672	-19.412
2.58672	-19.412	>>0.231737	-20.6837
0.231737	-20.6837	>>0.0381591	-24.5784
0.0381591	-24.5784	>>-2.48275	-23.677
-2.48275	-23.677	>>-0.0127642	-23.2987
-0.0127642	-23.2987	>>1.79063	-22.8698
1.79063	-22.8698	>>2.677	-22.0893
2.677	-22.0893	>>3.85002	-24.8432
3.85002	-24.8432	>>5.62426	-22.5796
5.62426	-22.5796	>>7.44271	-25.1958
7.44271	-25.1958	>>9.31442	-26.8235
9.31442	-26.8235	>>8.25597	-30.5871
8.25597	-30.5871	>>8.44805	-27.3621
8.44805	-27.3621	>>5.48211	-27.8116
5.48211	-27.8116	>>3.29324	-28.345
3.29324	-28.345	>>2.42148	-30.9191
2.42148	-30.9191	>>0.0312042	-29.5148
0.0312042	-29.5148	>>-0.534029	-28.3008
-0.534029	-28.3008	>>-2.374	-29.4187
-2.374	-29.4187	>>-4.1957	-31.5071
-4.1957	-31.5071	>>-4.29737	-37.4223
-4.29737	-37.4223	>>-4.98189	-40.4665
-4.98189	-40.4665	>>-3.71199	-39.8355
-3.71199	-39.8355	>>-4.44907	-43.0745
-4.44907	-43.0745	>>-2.07367	-44.3425
-2.07367	-44.3425	>>0.545336	-43.0709
0.545336	-43.0709	>>2.86697	-44.2639
2.86697	-44.2639	>>3.24592	-39.6356
3.24592	-39.6356	>>3.26392	-40.0752
3.26392	-40.0752	>>3.56576	-36.0985
3.56576	-36.0985	>>6.24544	-37.0711
6.24544	-37.0711	>>6.25223	-32.8359
6.25223	-32.8359	>>6.12653	-36.1373
6.12653	-36.1373	>>4.02354	-36.545
4.02354	-36.545	>>2.36773	-35.7342
2.36773	-35.7342	>>2.80079	-40.2132
2.80079	-40.2132	>>2.31947	-35.0561
2.31947	-35.0561	>>3.23707	-30.4985
3.23707	-30.4985	>>3.24001	-24.2609
3.24001	-24.2609	>>3.25342	-30.5107
3.25342	-30.5107	>>3.27561	-24.2488
3.27561	-24.2488	>>3.28485	-30.4279
3.28485	-30.4279	>>2.67229	-26.9579
2.67229	-26.9579	>>1.97309	-31.5604
1.97309	-31.5604	>>-0.168507	-32.3711
-0.168507	-32.3711	>>1.45374	-31.7584
1.45374	-31.7584	>>1.13432	-33.5564
1.13432	-33.5564	>>-0.175403	-29.8097
-0.175403	-29.8097	>>0.852158	-25.4818
0.852158	-25.4818	>>1.29534	-30.2998
1.29534	-30.2998	>>0.723587	-35.3981
0.723587	-35.3981	>>0.319837	-36.7925
0.319837	-36.7925	>>-0.404303	-41.8569
-0.404303	-41.8569	>>-2.87206	-40.84
-2.87206	-40.84	>>-0.964977	-43.0173
-0.964977	-43.0173	>>-1.6221	-41.6634
-1.6221	-41.6634	>>0.441314	-43.4363
0.441314	-43.4363	>>-1.68525	-41.9651
-1.68525	-41.9651	>>-2.25185	-36.9105
-2.25185	-36.9105	>>-2.1957	-39.255
-2.1957	-39.255	>>-2.12434	-33.3388
-2.12434	-33.3388	>>-0.0595407	-31.1506
-0.0595407	-31.1506	>>-2.86661	-30.5641
-2.86661	-30.5641	>>-4.32873	-27.1268
-4.32873	-27.1268	>>-2.92549	-27.3486
-2.92549	-27.3486	>>-0.3192	-28.4394
-0.3192	-28.4394	>>-1.16972	-32.3077
-1.16972	-32.3077	>>-0.106927	-27.9712
-0.106927	-27.9712	>>0.784524	-31.5325
0.784524	-31.5325	>>0.47804	-37.3024
0.47804	-37.3024	>>-1.43296	-38.0172
-1.43296	-38.0172	>>-0.826887	-40.5541
-0.826887	-40.5541	>>-1.68822	-36.0179
-1.68822	-36.0179	>>-1.40247	-30.2834
-1.40247	-30.2834	>>-2.42667	-26.8999
-2.42667	-26.8999	>>-5.06017	-27.592
-5.06017	-27.592	>>-7.76335	-28.6584
-7.76335	-28.6584	>>-7.91375	-30.8445
-7.91375	-30.8445	>>-5.4669	-32.2434
-5.4669	-32.2434	>>-5.21561	-30.9606
-5.21561	-30.9606	>>-4.84997	-36.1635
-4.84997	-36.1635	>>-6.41222	-38.2406
-6.41222	-38.2406	>>-6.10418	-35.0045
-6.10418	-35.0045	>>-6.24938	-38.8268
-6.24938	-38.8268	>>-6.15814	-34.9349
-6.15814	-34.9349	>>-4.84747	-38.2834
-4.84747	-38.2834	>>-4.14475	-43.0966
-4.14475	-43.0966	>>-6.02417	-45.1169
-6.02417	-45.1169	>>-9.12647	-45.2724
-9.12647	-45.2724	>>-8.49611	-40.8989
-8.49611	-40.8989	>>-11.4919	-40.935
-11.4919	-40.935	>>-13.7736	-41.1396
-13.7736	-41.1396	>>-14.1345	-41.8864
-14.1345	-41.8864	>>-11.9998	-42.2643
-11.9998	-42.2643	>>-11.4375	-42.2721
-11.4375	-42.2721	>>-12.2232	-39.9244
-12.2232	-39.9244	>>-11.7155	-43.2029
-11.7155	-43.2029	>>-11.2848	-48.0669
-11.2848	-48.0669	>>-10.8488	-52.4316
-10.8488	-52.4316	>>-9.52648	-49.3465
-9.52648	-49.3465	>>-12.4416	-49.7713
-12.4416	-49.7713	>>-13.2057	-47.5658
-13.2057	-47.5658	>>-13.9104	-51.9265
-13.9104	-51.9265	>>-11.8339	-50.0786
-11.8339	-50.0786	>>-13.0813	-46.8127
-13.0813	-46.8127	>>-11.1072	-44.5131
-11.1072	-44.5131	>>-11.5203	-48.4093
-11.5203	-48.4093	>>-14.3604	-48.1216
-14.3604	-48.1216	>>-12.4305	-48.6327
-12.4305	-48.6327	>>-9.64049	-48.5437
-9.64049	-48.5437	>>-8.56015	-44.2562
-8.56015	-44.2562	>>-8.79043	-46.5726
-8.79043	-46.5726	>>-9.33893	-42.5603
-9.33893	-42.5603	>>-8.25272	-46.6497
-8.25272	-46.6497	>>-8.29564	-45.1154
-8.29564	-45.1154	>>-7.50795	-46.2133
-7.50795	-46.2133	>>-6.11144	-46.4846
-6.11144	-46.4846	>>-5.63719	-50.3977
-5.63719	-50.3977	>>-7.67036	-49.3484
-7.67036	-49.3484	>>-9.17489	-51.4809
-9.17489	-51.4809	>>-8.81498	-56.8185
-8.81498	-56.8185	>>-7.93836	-60.8414
-7.93836	-60.8414	>>-5.32008	-61.9461
-5.32008	-61.9461	>>-6.10313	-66.1383
-6.10313	-66.1383	>>-8.63037	-65.7448
-8.63037	-65.7448	>>-8.4854	-70.2951
-8.4854	-70.2951	>>-10.1588	-69.7913
-10.1588	-69.7913	>>-9.27385	-65.0532
-9.27385	-65.0532	>>-9.04387	-70.1591
-9.04387	-70.1591	>>-11.8158	-69.5474
-11.8158	-69.5474	>>-12.4721	-64.5915
-12.4721	-64.5915	>>-9.66613	-65.1011
-9.66613	-65.1011	>>-8.07633	-63.1731
-8.07633	-63.1731	>>-10.4056	-61.6797
-10.4056	-61.6797	>>-8.43526	-59.6293
-8.43526	-59.6293	>>-5.59507	-59.6505
-5.59507	-59.6505	>>-3.07848	-60.5495
-3.07848	-60.5495	>>-4.71698	-63.0686
-4.71698	-63.0686	>>-4.15263	-58.7859
-4.15263	-58.7859	>>-3.33253	-54.0278
-3.33253	-54.0278	>>-2.8299	-59.2589
-2.8299	-59.2589	>>-2.67164	-64.7558
-2.67164	-64.7558	>>-2.78514	-70.29
-2.78514	-70.29	>>-2.50032	-75.835
-2.50032	-75.835	>>-5.25048	-75.8416
-5.25048	-75.8416	>>-5.16897	-72.9287
-5.16897	-72.9287	>>-3.90654	-76.0779
-3.90654	-76.0779	>>-6.03067	-73.96
-6.03067	-73.96	>>-4.53572	-74.9752
-4.53572	-74.9752	>>-5.48056	-73.6744
-5.48056	-73.6744	>>-2.95624	-73.269
-2.95624	-73.269	>>-2.24835	-74.9479
-2.24835	-74.9479	>>-2.1684	-79.6761
-2.1684	-79.6761	>>-3.4708	-76.681
-3.4708	-76.681	>>-1.13003	-75.9962
-1.13003	-75.9962	>>-1.02467	-80.5474
-1.02467	-80.5474	>>-2.774	-81.3825
-2.774	-81.3825	>>-2.40156	-81.1918
-2.40156	-81.1918	>>-0.731802	-78.639
-0.731802	-78.639	>>-0.282654	-79.3454
-0.282654	-79.3454	>>-0.788528	-76.7546
-0.788528	-76.7546	>>-0.750835	-82.8518
-0.750835	-82.8518	>>-0.829554	-85.0347
-0.829554	-85.0347	>>-1.42872	-79.9025
-1.42872	-79.9025	>>-4.05192	-80.659
-4.05192	-80.659	>>-6.78803	-79.9426
-6.78803	-79.9426	>>-6.36086	-75.6207
-6.36086	-75.6207	>>-4.42507	-76.1809
-4.42507	-76.1809	>>-2.32332	-74.4808
-2.32332	-74.4808	>>-2.63561	-79.8485
-2.63561	-79.8485	>>-4.65887	-81.6744
-4.65887	-81.6744	>>-3.20702	-84.466
-3.20702	-84.466	>>-2.82033	-89.8055
-2.82033	-89.8055	>>-2.01559	-94.3783
-2.01559	-94.3783	>>1.11582	-94.3653
1.11582	-94.3653	>>3.37759	-95.1327
3.37759	-95.1327	>>5.69112	-95.2818
5.69112	-95.2818	>>5.28607	-89.7536
5.28607	-89.7536	>>5.25046	-95.8724
5.25046	-95.8724	>>5.14287	-96.476
5.14287	-96.476	>>5.70134	-91.888
5.70134	-91.888	>>4.8618	-92.4882
4.8618	-92.4882	>>5.17337	-97.1751
5.17337	-97.1751	>>4.06824	-100.16
4.06824	-100.16	>>1.51768	-101.113
1.51768	-101.113	>>4.58977	-101.263
4.58977	-101.263	>>4.16674	-97.9226
4.16674	-97.9226	>>5.39289	-95.1508
5.39289	-95.1508	>>7.77889	-96.1597
7.77889	-96.1597	>>7.17712	-93.9085
7.17712	-93.9085	>>8.36345	-91.9367
8.36345	-91.9367	>>6.84256	-88.8336
6.84256	-88.8336	>>8.41037	-85.9432
8.41037	-85.9432	>>6.6362	-83.5535
6.6362	-83.5535	>>7.87097	-87.4432
7.87097	-87.4432	>>9.33353	-90.6909
9.33353	-90.6909	>>10.4557	-94.4541
10.4557	-94.4541	>>8.79359	-93.0701
8.79359	-93.0701	>>8.06527	-97.2027
8.06527	-97.2027	>>6.47376	-99.1842
6.47376	-99.1842	>>8.76495	-99.833
8.76495	-99.833	>>9.10418	-96.3501
9.10418	-96.3501	>>11.4167	-97.7535
11.4167	-97.7535	>>11.2948	-100.891
11.2948	-100.891	>>10.346	-100.082
10.346	-100.082	>>11.9406	-97.1377
11.9406	-97.1377	>>9.0186	-96.9167
9.0186	-96.9167	>>11.7092	-96.5912
11.7092	-96.5912	>>12.3474	-99.4357
12.3474	-99.4357	>>10.9838	-96.1279
10.9838	-96.1279	>>7.85249	-96.1449
7.85249	-96.1449	>>5.94987	-95.2095
5.94987	-95.2095	>>4.48119	-93.573
4.48119	-93.573	>>6.96532	-93.0865
6.96532	-93.0865	>>4.23361	-93.7928
4.23361	-93.7928	>>4.34861	-99.3493
4.34861	-99.3493	>>2.54402	-101.277
2.54402	-101.277	>>1.56342	-99.6243
1.56342	-99.6243	>>4.41854	-99.7994
4.41854	-99.7994	>>2.79795	-102.409
2.79795	-102.409	>>3.7337	-104.519
3.7337	-104.519	>>3.78519	-110.676
3.78519	-110.676	>>3.15398	-107.352
3.15398	-107.352	>>4.78128	-109.156
4.78128	-109.156	>>4.12338	-107.206
4.12338	-107.206	>>2.97845	-110.789
2.97845	-110.789	>>4.45721	-110.019
4.45721	-110.019	>>5.16804	-108.375
5.16804	-108.375	>>6.62843	-108.715
6.62843	-108.715	>>7.51882	-104.736
7.51882	-104.736	>>8.05654	-104.016
8.05654	-104.016	>>7.48018	-101.852
7.48018	-101.852	>>4.48453	-102.123
4.48453	-102.123	>>7.61734	-102.065
7.61734	-102.065	>>9.26685	-105.136
9.26685	-105.136	>>9.69226	-105.633
9.69226	-105.633	>>10.7089	-105.4
10.7089	-105.4	>>10.0381	-106.938
10.0381	-106.938	>>12.1601	-105.943
12.1601	-105.943	>>13.2049	-102.156
13.2049	-102.156	>>12.4795	-104.078
12.4795	-104.078	>>15.0839	-103.592
15.0839	-103.592	>>12.6479	-102.134
12.6479	-102.134	>>14.4354	-101.878
14.4354	-101.878	>>11.5133	-101.952
11.5133	-101.952	>>9.73723	-102.364
9.73723	-102.364	>>9.58555	-101.085
9.58555	-101.085	>>11.9064	-102.804
11.9064	-102.804	>>13.5843	-99.9642
13.5843	-99.9642	>>12.4282	-102.729
12.4282	-102.729	>>13.1835	-105.319
13.1835	-105.319	>>14.0884	-109.291
14.0884	-109.291	>>15.3636	-112.277
15.3636	-112.277	>>14.6589	-116.848
14.6589	-116.848	>>13.1361	-114.756
13.1361	-114.756	>>13.2903	-119.496
13.2903	-119.496	>>13.2499	-113.452
13.2499	-113.452	>>13.1954	-108.514
13.1954	-108.514	>>13.0299	-102.635
13.0299	-102.635	>>9.98992	-102.714
9.98992	-102.714	>>8.61102	-102.368
8.61102	-102.368	>>6.27681	-101.77
6.27681	-101.77	>>6.11888	-107.847
6.11888	-107.847	>>8.21565	-109.581
8.21565	-109.581	>>7.72745	-106.005
7.72745	-106.005	>>7.74789	-112.222
7.74789	-112.222	>>7.72831	-106.471
7.72831	-106.471	>>7.61099	-112.133
7.61099	-112.133	>>9.9436	-112.003
9.9436	-112.003	>>9.85053	-114.181
9.85053	-114.181	>>8.37021	-111.17
8.37021	-111.17	>>10.2465	-113.378
10.2465	-113.378	>>10.2168	-113.527
10.2168	-113.527	>>10.0353	-107.606
10.0353	-107.606	>>7.07725	-107.202
7.07725	-107.202	>>5.5323	-109.509
5.5323	-109.509	>>5.8938	-110.773
5.8938	-110.773	>>6.6237	-106.989
6.6237	-106.989	>>6.32832	-111.306
6.32832	-111.306	>>5.30881	-115.734
5.30881	-115.734	>>5.55952	-121.38
5.55952	-121.38	>>2.67813	-121.373
2.67813	-121.373	>>1.39748	-120.843
1.39748	-120.843	>>-0.967499	-122.533
-0.967499	-122.533	>>-2.20298	-121.338
-2.20298	-121.338	>>-1.29997	-118.331
-1.29997	-118.331	>>-2.04753	-114.906
-2.04753	-114.906	>>0.760693	-115.49
0.760693	-115.49	>>0.799341	-121.646
0.799341	-121.646	>>-0.217222	-120.478
-0.217222	-120.478	>>-0.0118961	-126.264
-0.0118961	-126.264	>>0.534845	-125.798
0.534845	-125.798	>>-1.1881	-124.627
-1.1881	-124.627	>>-2.46935	-124.828
-2.46935	-124.828	>>-5.01918	-124.101
-5.01918	-124.101	>>-8.00677	-124.37
-8.00677	-124.37	>>-4.87187	-124.337
-4.87187	-124.337	>>-3.0052	-126.677
-3.0052	-126.677	>>-5.50907	-126.563
-5.50907	-126.563	>>-3.26821	-126.297
-3.26821	-126.297	>>-3.41375	-120.915
-3.41375	-120.915	>>-5.73003	-122.285
-5.73003	-122.285	>>-5.93872	-128.08
-5.93872	-128.08	>>-8.36285	-126.693
-8.36285	-126.693	>>-7.06816	-123.305
-7.06816	-123.305	>>-5.22158	-121.195
-5.22158	-121.195	>>-5.63938	-116.693
-5.63938	-116.693	>>-4.26909	-120.124
-4.26909	-120.124	>>-3.9914	-120.573
-3.9914	-120.573	>>-6.4831	-120.352
-6.4831	-120.352	>>-9.46057	-120.119
-9.46057	-120.119	>>-6.45038	-120.336
-6.45038	-120.336	>>-9.05919	-119.323
-9.05919	-119.323	>>-6.70768	-117.825
-6.70768	-117.825	>>-7.45403	-121.672
-7.45403	-121.672	>>-4.96964	-120.778
-4.96964	-120.778	>>-3.9077	-121.919
-3.9077	-121.919	>>-1.72007	-120.296
-1.72007	-120.296	>>-2.09674	-125.649
-2.09674	-125.649	>>-4.60898	-124.79
-4.60898	-124.79	>>-5.82103	-128.376
-5.82103	-128.376	>>-4.55507	-128.637
-4.55507	-128.637	>>-1.60216	-128.825
-1.60216	-128.825	>>-3.68114	-131.226
-3.68114	-131.226	>>-3.26071	-136.545
-3.26071	-136.545	>>-3.20052	-142.038
-3.20052	-142.038	>>-3.68466	-147.507
-3.68466	-147.507	>>-3.56169	-141.756
-3.56169	-141.756	>>-3.76985	-144.128
-3.76985	-144.128	>>-4.06233	-143.932
-4.06233	-143.932	>>-1.85389	-145.397
-1.85389	-145.397	>>-0.0962275	-144.326
-0.0962275	-144.326	>>2.05675	-142.084
2.05675	-142.084	>>-0.479466	-140.895
-0.479466	-140.895	>>-3.4796	-141.05
-3.4796	-141.05	>>-1.66002	-141.728
-1.66002	-141.728	>>-1.17231	-146.719
-1.17231	-146.719	>>-1.77107	-141.744
-1.77107	-141.744	>>-1.79315	-147.911
-1.79315	-147.911	>>-1.12053	-145.647
-1.12053	-145.647	>>-3.38365	-144.753
-3.38365	-144.753	>>-3.47728	-140.564
-3.47728	-140.564	>>-1.24003	-141.22
-1.24003	-141.22	>>-1.34724	-135.54
-1.34724	-135.54	>>-0.522383	-140.196
-0.522383	-140.196	>>1.42487	-140.848
1.42487	-140.848	>>-1.25735	-141.956
-1.25735	-141.956	>>-1.28159	-147.083
-1.28159	-147.083	>>-0.831476	-150.532
-0.831476	-150.532	>>-1.39223	-145.362
-1.39223	-145.362	>>-3.74706	-144.497
-3.74706	-144.497	>>-3.75346	-138.256
-3.75346	-138.256	>>-3.75571	-144.53
-3.75571	-144.53	>>-3.76076	-138.556
-3.76076	-138.556	>>-3.83413	-133.529
-3.83413	-133.529	>>-4.361	-128.346
-4.361	-128.346	>>-6.17526	-126.359
-6.17526	-126.359	>>-4.6978	-124.881
-4.6978	-124.881	>>-5.79989	-124.837
-5.79989	-124.837	>>-5.02518	-127.933
-5.02518	-127.933	>>-2.70134	-128.545
-2.70134	-128.545	>>-2.14995	-123.283
-2.14995	-123.283	>>-1.37918	-118.509
-1.37918	-118.509	>>-1.12958	-122.826
-1.12958	-122.826	>>0.694892	-119.978
0.694892	-119.978	>>0.428978	-125.548
0.428978	-125.548	>>2.05699	-123.222
2.05699	-123.222	>>1.05437	-125.236
1.05437	-125.236	>>0.541477	-127.28
0.541477	-127.28	>>-0.56919	-125.742
-0.56919	-125.742	>>-0.265504	-128.349
-0.265504	-128.349	>>-0.462039	-126.007
-0.462039	-126.007	>>-0.211394	-127.49
-0.211394	-127.49	>>-0.106188	-133.48
-0.106188	-133.48	>>0.5097	-137.18
0.5097	-137.18	>>2.92472	-136.956
2.92472	-136.956	>>4.41899	-139.288
4.41899	-139.288	>>3.14084	-142.089
3.14084	-142.089	>>1.42455	-139.678
1.42455	-139.678	>>3.64694	-141.316
3.64694	-141.316	>>2.30499	-137.72
2.30499	-137.72	>>2.72784	-143.069
2.72784	-143.069	>>2.98671	-147.356
2.98671	-147.356	>>6.03541	-147.201
6.03541	-147.201	>>4.28564	-148.281
4.28564	-148.281	>>3.98133	-154.068
3.98133	-154.068	>>1.61091	-154.582
1.61091	-154.582	>>3.62025	-156.869
3.62025	-156.869	>>1.40856	-156.287
1.40856	-156.287	>>0.199568	-159.424
0.199568	-159.424	>>0.924602	-156.321
0.924602	-156.321	>>3.14191	-154.397
3.14191	-154.397	>>4.96687	-153.377
4.96687	-153.377	>>8.05829	-153.324
8.05829	-153.324	>>10.389	-154.769
10.389	-154.769	>>9.79538	-158.735
9.79538	-158.735	>>9.61361	-152.9
9.61361	-152.9	>>7.41632	-153.912
7.41632	-153.912	>>4.94793	-152.672
4.94793	-152.672	>>2.45468	-151.654
2.45468	-151.654	>>5.29964	-152.171
5.29964	-152.171	>>6.18195	-155.144
6.18195	-155.144	>>5.00314	-156.124
5.00314	-156.124	>>1.86656	-156.114
1.86656	-156.114	>>-0.284379	-157.058
-0.284379	-157.058	>>0.099999	-161.874
0.099999	-161.874	>>2.58183	-162.141
2.58183	-162.141	>>5.21176	-161.71
5.21176	-161.71	>>4.8965	-166.848
4.8965	-166.848	>>7.30602	-165.348
7.30602	-165.348	>>6.19726	-167.643
1000-th E = 2.54855
Maximum Founded: -0.921825
