0.9	0.5	>>0.899997	-3.18345
0.899997	-3.18345	>>-1.02798	-0.886525
-1.02798	-0.886525	>>2.04788	-0.976456
2.04788	-0.976456	>>2.91363	0.765833
2.91363	0.765833	>>2.37219	3.89813
2.37219	3.89813	>>4.52911	5.46225
4.52911	5.46225	>>5.93129	4.41569
5.93129	4.41569	>>3.40857	2.98846
3.40857	2.98846	>>3.79715	6.38896
3.79715	6.38896	>>2.80181	4.97189
2.80181	4.97189	>>2.42216	-0.728473
2.42216	-0.728473	>>3.17516	-3.51608
3.17516	-3.51608	>>2.90737	2.02731
2.90737	2.02731	>>3.808	-1.14391
3.808	-1.14391	>>2.63091	-0.123402
2.63091	-0.123402	>>4.69423	-0.504534
4.69423	-0.504534	>>4.75033	-6.40188
4.75033	-6.40188	>>4.8496	-8.10667
4.8496	-8.10667	>>2.98132	-9.57773
2.98132	-9.57773	>>0.387958	-10.0267
0.387958	-10.0267	>>1.19802	-6.11316
1.19802	-6.11316	>>0.294274	-4.86397
0.294274	-4.86397	>>-0.653556	-6.0719
-0.653556	-6.0719	>>0.814697	-2.62943
0.814697	-2.62943	>>-0.515226	-2.67055
-0.515226	-2.67055	>>2.11964	-2.96315
2.11964	-2.96315	>>3.11412	0.745328
3.11412	0.745328	>>3.24917	-3.38102
3.24917	-3.38102	>>3.16714	-3.30076
3.16714	-3.30076	>>4.04609	-7.87192
4.04609	-7.87192	>>7.02454	-8.05369
7.02454	-8.05369	>>5.09601	-7.26442
5.09601	-7.26442	>>5.55185	-10.8017
5.55185	-10.8017	>>3.77101	-9.12856
3.77101	-9.12856	>>3.2604	-9.24119
3.2604	-9.24119	>>3.29392	-15.4129
3.29392	-15.4129	>>2.44935	-12.9861
2.44935	-12.9861	>>1.92412	-11.0767
1.92412	-11.0767	>>-0.403809	-12.8663
-0.403809	-12.8663	>>-2.91585	-12.2529
-2.91585	-12.2529	>>-2.82	-15.4192
-2.82	-15.4192	>>-1.76019	-12.7316
-1.76019	-12.7316	>>-1.78373	-18.7281
-1.78373	-18.7281	>>-1.93706	-24.519
-1.93706	-24.519	>>-2.61403	-22.1374
-2.61403	-22.1374	>>-0.210943	-22.5179
-0.210943	-22.5179	>>-0.401972	-28.5296
-0.401972	-28.5296	>>0.508286	-31.9854
0.508286	-31.9854	>>-0.0627719	-32.3023
-0.0627719	-32.3023	>>1.73092	-30.3035
1.73092	-30.3035	>>1.55796	-25.1937
1.55796	-25.1937	>>3.44239	-23.5889
3.44239	-23.5889	>>6.11303	-22.4911
6.11303	-22.4911	>>6.37283	-18.4599
6.37283	-18.4599	>>5.28185	-14.6628
5.28185	-14.6628	>>5.92308	-17.1247
5.92308	-17.1247	>>3.09726	-17.3197
3.09726	-17.3197	>>5.0287	-19.7961
5.0287	-19.7961	>>6.70936	-20.7756
6.70936	-20.7756	>>6.48922	-14.9014
6.48922	-14.9014	>>3.52148	-14.7884
3.52148	-14.7884	>>2.08327	-14.0168
2.08327	-14.0168	>>1.52316	-10.9139
1.52316	-10.9139	>>-1.20613	-11.2906
-1.20613	-11.2906	>>-0.743002	-5.84131
-0.743002	-5.84131	>>-0.958679	-8.7727
-0.958679	-8.7727	>>-0.111963	-10.345
-0.111963	-10.345	>>2.17351	-8.61589
2.17351	-8.61589	>>0.818501	-7.63371
0.818501	-7.63371	>>-0.572713	-7.36786
-0.572713	-7.36786	>>-3.42224	-7.78899
-3.42224	-7.78899	>>-4.70509	-5.10643
-4.70509	-5.10643	>>-3.76229	-3.34592
-3.76229	-3.34592	>>-3.62793	-5.94617
-3.62793	-5.94617	>>-5.03643	-2.60548
-5.03643	-2.60548	>>-8.02435	-3.03754
-8.02435	-3.03754	>>-9.4411	-3.91564
-9.4411	-3.91564	>>-11.9636	-4.89904
-11.9636	-4.89904	>>-9.06572	-4.5614
-9.06572	-4.5614	>>-11.0986	-6.47423
-11.0986	-6.47423	>>-10.2669	-9.85022
-10.2669	-9.85022	>>-10.4908	-7.56771
-10.4908	-7.56771	>>-8.13859	-7.82357
-8.13859	-7.82357	>>-6.46374	-4.69607
-6.46374	-4.69607	>>-4.56008	-3.64926
-4.56008	-3.64926	>>-1.74141	-4.20391
-1.74141	-4.20391	>>-1.5948	-9.22548
-1.5948	-9.22548	>>-0.789829	-12.5086
-0.789829	-12.5086	>>-0.863539	-6.43131
-0.863539	-6.43131	>>0.640965	-3.57751
0.640965	-3.57751	>>2.22085	-6.55735
2.22085	-6.55735	>>1.90754	-1.67139
1.90754	-1.67139	>>-0.328655	0.041278
-0.328655	0.041278	>>-1.02387	-4.57779
-1.02387	-4.57779	>>-3.60981	-5.15013
-3.60981	-5.15013	>>-1.24836	-6.15038
-1.24836	-6.15038	>>-1.37274	-4.55968
-1.37274	-4.55968	>>0.070424	-8.04082
0.070424	-8.04082	>>-1.30124	-5.61998
-1.30124	-5.61998	>>-0.403233	-6.36813
-0.403233	-6.36813	>>-2.91437	-5.83494
-2.91437	-5.83494	>>-0.597118	-7.5611
-0.597118	-7.5611	>>1.22924	-4.82063
1.22924	-4.82063	>>1.47012	-9.04645
1.47012	-9.04645	>>3.17999	-8.02986
3.17999	-8.02986	>>2.72269	-2.62353
2.72269	-2.62353	>>3.16159	-3.12622
3.16159	-3.12622	>>1.58986	-2.87275
1.58986	-2.87275	>>-1.00857	-2.5669
-1.00857	-2.5669	>>-3.34832	-2.80771
-3.34832	-2.80771	>>-4.5011	1.22847
-4.5011	1.22847	>>-5.34051	1.18587
-5.34051	1.18587	>>-6.50024	5.08215
-6.50024	5.08215	>>-9.19565	5.08645
-9.19565	5.08645	>>-8.18291	2.66513
-8.18291	2.66513	>>-6.97934	5.74273
-6.97934	5.74273	>>-6.69641	4.93023
-6.69641	4.93023	>>-5.82744	8.99942
-5.82744	8.99942	>>-5.83753	14.5413
-5.83753	14.5413	>>-5.06521	19.0135
-5.06521	19.0135	>>-4.57375	16.5793
-4.57375	16.5793	>>-6.96845	17.9534
-6.96845	17.9534	>>-8.65856	19.0249
-8.65856	19.0249	>>-9.20843	23.929
-9.20843	23.929	>>-9.91352	19.8306
-9.91352	19.8306	>>-12.15	18.2879
-12.15	18.2879	>>-13.032	22.6482
-13.032	22.6482	>>-10.0668	23.0834
-10.0668	23.0834	>>-7.54686	21.9492
-7.54686	21.9492	>>-5.73926	23.4778
-5.73926	23.4778	>>-5.65391	29.5973
-5.65391	29.5973	>>-7.40549	31.0546
-7.40549	31.0546	>>-9.01976	28.4823
-9.01976	28.4823	>>-9.71126	27.7145
-9.71126	27.7145	>>-10.0788	22.0618
-10.0788	22.0618	>>-8.10887	20.07
-8.10887	20.07	>>-6.18545	17.7388
-6.18545	17.7388	>>-5.99807	23.4907
-5.99807	23.4907	>>-6.36531	23.5667
-6.36531	23.5667	>>-7.85789	20.6493
-7.85789	20.6493	>>-6.05314	18.8901
-6.05314	18.8901	>>-8.99758	18.3749
-8.99758	18.3749	>>-12.1353	18.3807
-12.1353	18.3807	>>-14.2757	17.7485
-14.2757	17.7485	>>-14.2834	23.9401
-14.2834	23.9401	>>-13.9019	19.2015
-13.9019	19.2015	>>-12.4689	16.1004
-12.4689	16.1004	>>-15.3843	15.8028
-15.3843	15.8028	>>-13.9797	18.9229
-13.9797	18.9229	>>-16.5361	19.4151
-16.5361	19.4151	>>-13.8377	20.174
-13.8377	20.174	>>-12.5641	16.8161
-12.5641	16.8161	>>-10.4041	15.2726
-10.4041	15.2726	>>-9.69377	18.6192
-9.69377	18.6192	>>-10.8696	18.6808
-10.8696	18.6808	>>-9.28723	15.506
-9.28723	15.506	>>-9.3346	9.45576
-9.3346	9.45576	>>-8.53962	4.68789
-8.53962	4.68789	>>-10.6979	3.52268
-10.6979	3.52268	>>-11.0079	9.11252
-11.0079	9.11252	>>-7.9058	9.08335
-7.9058	9.08335	>>-5.69673	10.6403
-5.69673	10.6403	>>-6.80052	9.14269
-6.80052	9.14269	>>-5.93618	7.46497
-5.93618	7.46497	>>-7.15154	9.74363
-7.15154	9.74363	>>-6.99945	14.8584
-6.99945	14.8584	>>-10.0705	14.8552
-10.0705	14.8552	>>-12.8607	15.353
-12.8607	15.353	>>-14.7235	14.328
-14.7235	14.328	>>-14.2102	11.2095
-14.2102	11.2095	>>-13.7849	16.6983
-13.7849	16.6983	>>-13.4299	11.5966
-13.4299	11.5966	>>-16.0518	10.8217
-16.0518	10.8217	>>-18.4085	11.9672
-18.4085	11.9672	>>-17.373	8.75998
-17.373	8.75998	>>-17.1078	13.1763
-17.1078	13.1763	>>-15.1023	15.7328
-15.1023	15.7328	>>-14.5496	19.4512
-14.5496	19.4512	>>-12.8116	21.0931
-12.8116	21.0931	>>-11.8045	23.0222
-11.8045	23.0222	>>-11.5394	28.5939
-11.5394	28.5939	>>-14.3762	29.0895
-14.3762	29.0895	>>-16.3317	27.4424
-16.3317	27.4424	>>-15.3672	23.1262
-15.3672	23.1262	>>-17.4021	23.4864
-17.4021	23.4864	>>-16.9744	19.8841
-16.9744	19.8841	>>-20.0374	20.0616
-20.0374	20.0616	>>-17.8885	19.0808
-17.8885	19.0808	>>-15.9038	20.996
-15.9038	20.996	>>-16.0299	24.5639
-16.0299	24.5639	>>-13.797	23.8044
-13.797	23.8044	>>-14.3148	19.3928
-14.3148	19.3928	>>-13.1917	17.7628
-13.1917	17.7628	>>-13.3859	23.4797
-13.3859	23.4797	>>-12.8044	19.4306
-12.8044	19.4306	>>-13.5384	23.5147
-13.5384	23.5147	>>-14.1019	24.9697
-14.1019	24.9697	>>-15.0585	21.4072
-15.0585	21.4072	>>-17.7849	20.3912
-17.7849	20.3912	>>-18.359	22.0051
-18.359	22.0051	>>-18.4815	17.1807
-18.4815	17.1807	>>-20.8578	17.6831
-20.8578	17.6831	>>-19.4483	14.1992
-19.4483	14.1992	>>-21.2027	15.8816
-21.2027	15.8816	>>-22.2134	15.012
-22.2134	15.012	>>-22.0915	9.03697
-22.0915	9.03697	>>-20.8872	6.0858
-20.8872	6.0858	>>-18.8433	7.78813
-18.8433	7.78813	>>-19.6059	3.30644
-19.6059	3.30644	>>-17.9578	0.528849
-17.9578	0.528849	>>-16.8925	2.02774
-16.8925	2.02774	>>-16.0766	5.62685
-16.0766	5.62685	>>-13.2492	5.87683
-13.2492	5.87683	>>-13.3644	5.33864
-13.3644	5.33864	>>-11.5752	7.15252
-11.5752	7.15252	>>-14.2476	6.01709
-14.2476	6.01709	>>-14.2165	-0.0209951
-14.2165	-0.0209951	>>-14.4127	-6.03792
-14.4127	-6.03792	>>-13.2076	-9.03622
-13.2076	-9.03622	>>-13.6125	-14.6341
-13.6125	-14.6341	>>-11.1774	-14.8442
-11.1774	-14.8442	>>-9.81432	-12.392
-9.81432	-12.392	>>-8.69658	-11.5242
-8.69658	-11.5242	>>-8.35922	-5.76688
-8.35922	-5.76688	>>-8.76201	-0.963049
-8.76201	-0.963049	>>-8.70009	4.44806
-8.70009	4.44806	>>-8.05491	9.41184
-8.05491	9.41184	>>-10.7283	8.34594
-10.7283	8.34594	>>-10.2391	6.49374
-10.2391	6.49374	>>-10.2637	0.229927
-10.2637	0.229927	>>-10.3066	6.3738
-10.3066	6.3738	>>-9.30582	6.0928
-9.30582	6.0928	>>-10.2123	4.11605
-10.2123	4.11605	>>-9.38426	3.81336
-9.38426	3.81336	>>-7.75496	6.53998
-7.75496	6.53998	>>-7.75534	11.84
-7.75534	11.84	>>-7.76139	9.53004
-7.76139	9.53004	>>-7.71492	15.1959
-7.71492	15.1959	>>-8.20709	10.1987
-8.20709	10.1987	>>-7.64718	15.2541
-7.64718	15.2541	>>-7.5448	10.2734
-7.5448	10.2734	>>-6.66184	8.63918
-6.66184	8.63918	>>-8.36983	7.36441
-8.36983	7.36441	>>-6.31346	7.68597
-6.31346	7.68597	>>-7.12633	11.952
-7.12633	11.952	>>-8.41522	8.11306
-8.41522	8.11306	>>-11.0399	7.8354
-11.0399	7.8354	>>-13.734	8.49118
-13.734	8.49118	>>-13.6881	14.7313
-13.6881	14.7313	>>-13.9866	9.00652
-13.9866	9.00652	>>-13.7313	9.52976
-13.7313	9.52976	>>-13.9014	15.1804
-13.9014	15.1804	>>-11.9838	12.6714
-11.9838	12.6714	>>-9.38512	12.2863
-9.38512	12.2863	>>-8.37703	15.8903
-8.37703	15.8903	>>-6.2378	14.785
-6.2378	14.785	>>-6.38198	20.2724
-6.38198	20.2724	>>-5.75656	24.2642
-5.75656	24.2642	>>-5.76203	18.1726
-5.76203	18.1726	>>-5.64742	14.3279
-5.64742	14.3279	>>-4.01664	11.7937
-4.01664	11.7937	>>-5.65171	12.3301
-5.65171	12.3301	>>-4.04755	9.86939
-4.04755	9.86939	>>-7.06956	9.8837
-7.06956	9.8837	>>-9.93859	9.4285
-9.93859	9.4285	>>-12.1853	11.0135
-12.1853	11.0135	>>-11.9599	5.40126
-11.9599	5.40126	>>-14.8131	6.00043
-14.8131	6.00043	>>-14.807	11.7795
-14.807	11.7795	>>-15.172	6.44245
-15.172	6.44245	>>-16.2073	2.06656
-16.2073	2.06656	>>-15.5191	-1.70079
-15.5191	-1.70079	>>-13.7052	-2.28381
-13.7052	-2.28381	>>-14.1037	-7.9248
-14.1037	-7.9248	>>-12.0319	-9.95705
-12.0319	-9.95705	>>-10.4406	-10.9869
-10.4406	-10.9869	>>-10.9131	-13.2176
-10.9131	-13.2176	>>-11.9538	-16.1264
-11.9538	-16.1264	>>-14.9336	-16.045
-14.9336	-16.045	>>-16.4491	-13.8148
-16.4491	-13.8148	>>-18.5934	-12.3716
-18.5934	-12.3716	>>-21.2603	-12.7367
-21.2603	-12.7367	>>-21.2429	-6.63488
-21.2429	-6.63488	>>-21.479	-6.25055
-21.479	-6.25055	>>-21.5004	-5.42734
-21.5004	-5.42734	>>-23.9852	-5.41879
-23.9852	-5.41879	>>-21.3285	-5.14596
-21.3285	-5.14596	>>-19.9772	-4.04441
-19.9772	-4.04441	>>-21.6152	-3.25573
-21.6152	-3.25573	>>-21.7891	-7.41245
-21.7891	-7.41245	>>-21.1937	-4.9973
-21.1937	-4.9973	>>-21.1536	-10.8601
-21.1536	-10.8601	>>-19.3174	-9.58128
-19.3174	-9.58128	>>-18.2937	-12.871
-18.2937	-12.871	>>-19.0486	-12.1914
-19.0486	-12.1914	>>-21.0803	-10.8762
-21.0803	-10.8762	>>-18.2847	-10.7305
-18.2847	-10.7305	>>-18.1434	-4.88774
-18.1434	-4.88774	>>-16.1434	-5.36595
-16.1434	-5.36595	>>-14.13	-4.50113
-14.13	-4.50113	>>-14.1614	-9.07324
-14.1614	-9.07324	>>-15.5481	-12.5615
-15.5481	-12.5615	>>-13.4345	-11.1445
-13.4345	-11.1445	>>-10.6809	-10.6906
-10.6809	-10.6906	>>-9.72283	-14.6214
-9.72283	-14.6214	>>-9.0928	-13.9498
-9.0928	-13.9498	>>-7.51585	-16.6092
-7.51585	-16.6092	>>-4.44396	-16.4475
-4.44396	-16.4475	>>-6.23042	-18.0712
-6.23042	-18.0712	>>-6.60724	-22.2702
-6.60724	-22.2702	>>-7.23933	-26.1169
-7.23933	-26.1169	>>-7.54645	-27.1432
-7.54645	-27.1432	>>-4.59018	-27.4413
-4.59018	-27.4413	>>-6.4077	-25.0946
-6.4077	-25.0946	>>-4.02106	-26.5756
-4.02106	-26.5756	>>-6.56298	-27.0988
-6.56298	-27.0988	>>-3.78536	-26.1746
-3.78536	-26.1746	>>-4.26904	-29.4281
-4.26904	-29.4281	>>-4.4865	-32.9702
-4.4865	-32.9702	>>-5.62758	-33.4521
-5.62758	-33.4521	>>-6.9045	-29.9023
-6.9045	-29.9023	>>-4.51702	-28.9207
-4.51702	-28.9207	>>-7.14594	-28.5924
-7.14594	-28.5924	>>-8.96922	-30.8615
-8.96922	-30.8615	>>-5.95093	-31.1392
-5.95093	-31.1392	>>-8.86536	-31.3595
-8.86536	-31.3595	>>-6.89576	-32.5585
-6.89576	-32.5585	>>-8.52547	-29.5667
-8.52547	-29.5667	>>-6.21062	-28.8517
-6.21062	-28.8517	>>-5.38278	-26.7302
-5.38278	-26.7302	>>-4.82566	-22.716
-4.82566	-22.716	>>-5.38427	-27.6428
-5.38427	-27.6428	>>-3.16106	-26.9748
-3.16106	-26.9748	>>-2.61733	-31.9208
-2.61733	-31.9208	>>-4.62299	-29.8506
-4.62299	-29.8506	>>-6.83194	-31.4321
-6.83194	-31.4321	>>-5.73185	-28.1044
-5.73185	-28.1044	>>-5.29164	-26.133
-5.29164	-26.133	>>-4.57849	-25.9053
-4.57849	-25.9053	>>-7.18956	-24.9767
-7.18956	-24.9767	>>-6.82777	-30.4446
-6.82777	-30.4446	>>-5.9386	-26.4218
-5.9386	-26.4218	>>-3.54978	-25.2365
-3.54978	-25.2365	>>-3.0389	-27.1165
-3.0389	-27.1165	>>-6.09128	-27.374
-6.09128	-27.374	>>-3.40068	-27.1156
-3.40068	-27.1156	>>-0.928061	-27.7781
-0.928061	-27.7781	>>0.0333716	-30.406
0.0333716	-30.406	>>2.85465	-29.9861
2.85465	-29.9861	>>3.20116	-34.8168
3.20116	-34.8168	>>3.8371	-39.0851
3.8371	-39.0851	>>2.33097	-41.954
2.33097	-41.954	>>1.44806	-37.5597
1.44806	-37.5597	>>3.49726	-36.0042
3.49726	-36.0042	>>3.66341	-35.8962
3.66341	-35.8962	>>2.17688	-36.9803
2.17688	-36.9803	>>2.49616	-31.622
2.49616	-31.622	>>5.63485	-31.6067
5.63485	-31.6067	>>7.5864	-32.9674
7.5864	-32.9674	>>6.53493	-35.8545
6.53493	-35.8545	>>3.593	-35.4232
3.593	-35.4232	>>1.48444	-37.2112
1.48444	-37.2112	>>2.95246	-37.7335
2.95246	-37.7335	>>2.32798	-35.9533
2.32798	-35.9533	>>1.46113	-31.5437
1.46113	-31.5437	>>3.06249	-30.2011
3.06249	-30.2011	>>1.41291	-32.0741
1.41291	-32.0741	>>3.60477	-29.9631
3.60477	-29.9631	>>2.51962	-33.283
2.51962	-33.283	>>1.27034	-32.5583
1.27034	-32.5583	>>1.60311	-27.674
1.60311	-27.674	>>3.59779	-25.6832
3.59779	-25.6832	>>5.46469	-23.4394
5.46469	-23.4394	>>3.3367	-22.501
3.3367	-22.501	>>3.35727	-17.1376
3.35727	-17.1376	>>5.36842	-17.6043
5.36842	-17.6043	>>7.49303	-16.1356
7.49303	-16.1356	>>10.6061	-16.1549
10.6061	-16.1549	>>12.8442	-14.9589
12.8442	-14.9589	>>13.7506	-19.318
13.7506	-19.318	>>13.8335	-14.9077
13.8335	-14.9077	>>15.3534	-16.7632
15.3534	-16.7632	>>15.0271	-21.7375
15.0271	-21.7375	>>14.5459	-22.7773
14.5459	-22.7773	>>13.544	-21.0609
13.544	-21.0609	>>15.6184	-22.3684
15.6184	-22.3684	>>13.3835	-21.7482
13.3835	-21.7482	>>13.4384	-25.9284
13.4384	-25.9284	>>11.131	-24.5757
11.131	-24.5757	>>9.45189	-21.6724
9.45189	-21.6724	>>11.9583	-22.621
11.9583	-22.621	>>8.90441	-22.8055
8.90441	-22.8055	>>10.6027	-19.9466
10.6027	-19.9466	>>9.07818	-22.748
9.07818	-22.748	>>9.0094	-25.6984
9.0094	-25.6984	>>7.12062	-25.9791
7.12062	-25.9791	>>7.69464	-21.8893
7.69464	-21.8893	>>6.73299	-22.5777
6.73299	-22.5777	>>6.92916	-26.3949
6.92916	-26.3949	>>9.71606	-26.8974
9.71606	-26.8974	>>9.17046	-28.2296
9.17046	-28.2296	>>8.81135	-33.463
8.81135	-33.463	>>9.38116	-38.4901
9.38116	-38.4901	>>9.08682	-34.3003
9.08682	-34.3003	>>10.6434	-37.0431
10.6434	-37.0431	>>11.6094	-41.4095
11.6094	-41.4095	>>9.46366	-42.8514
9.46366	-42.8514	>>6.51755	-43.351
6.51755	-43.351	>>3.54829	-43.1047
3.54829	-43.1047	>>6.41895	-43.691
6.41895	-43.691	>>8.30291	-45.8139
8.30291	-45.8139	>>7.49879	-50.1962
7.49879	-50.1962	>>9.46544	-50.2313
9.46544	-50.2313	>>10.1836	-51.5243
10.1836	-51.5243	>>9.82797	-45.9531
9.82797	-45.9531	>>10.6974	-50.356
10.6974	-50.356	>>9.79805	-48.5894
9.79805	-48.5894	>>8.87132	-51.5142
8.87132	-51.5142	>>8.4749	-56.0248
8.4749	-56.0248	>>9.42823	-55.069
9.42823	-55.069	>>11.6161	-53.1717
11.6161	-53.1717	>>13.5104	-51.0779
13.5104	-51.0779	>>16.1049	-51.3282
16.1049	-51.3282	>>18.1194	-53.6582
18.1194	-53.6582	>>16.0807	-55.1407
16.0807	-55.1407	>>13.4369	-55.5504
13.4369	-55.5504	>>15.172	-53.5078
15.172	-53.5078	>>15.036	-47.973
15.036	-47.973	>>16.0463	-46.6767
16.0463	-46.6767	>>13.6749	-47.6754
13.6749	-47.6754	>>14.7551	-44.6586
14.7551	-44.6586	>>14.5726	-42.4557
14.5726	-42.4557	>>13.1057	-44.7077
13.1057	-44.7077	>>11.8819	-47.9114
11.8819	-47.9114	>>14.0178	-49.5415
14.0178	-49.5415	>>12.4688	-48.915
12.4688	-48.915	>>9.75389	-48.3939
9.75389	-48.3939	>>9.92421	-49.4864
9.92421	-49.4864	>>10.4059	-52.2863
10.4059	-52.2863	>>9.23428	-55.5203
9.23428	-55.5203	>>9.18093	-49.3879
9.18093	-49.3879	>>10.3954	-48.8239
10.3954	-48.8239	>>8.35621	-51.3085
8.35621	-51.3085	>>7.0016	-55.1677
7.0016	-55.1677	>>4.30449	-55.1965
4.30449	-55.1965	>>5.01907	-59.5819
5.01907	-59.5819	>>2.35873	-59.1552
2.35873	-59.1552	>>4.27029	-60.6736
4.27029	-60.6736	>>4.67769	-63.9138
4.67769	-63.9138	>>3.53848	-66.2366
3.53848	-66.2366	>>4.04723	-64.7733
4.04723	-64.7733	>>4.90473	-66.5614
4.90473	-66.5614	>>3.05811	-69.2488
3.05811	-69.2488	>>3.01481	-71.4845
3.01481	-71.4845	>>3.61699	-70.9202
3.61699	-70.9202	>>1.7089	-72.9565
1.7089	-72.9565	>>1.34161	-77.9346
1.34161	-77.9346	>>0.0283685	-74.6
0.0283685	-74.6	>>-2.8938	-74.1904
-2.8938	-74.1904	>>-4.53209	-76.8639
-4.53209	-76.8639	>>-7.59778	-77.1167
-7.59778	-77.1167	>>-4.98977	-76.5123
-4.98977	-76.5123	>>-5.46957	-76.1103
-5.46957	-76.1103	>>-2.45807	-76.4028
-2.45807	-76.4028	>>-5.28239	-76.8644
-5.28239	-76.8644	>>-5.81555	-75.6682
-5.81555	-75.6682	>>-6.81447	-78.3243
-6.81447	-78.3243	>>-5.89313	-82.0446
-5.89313	-82.0446	>>-7.16769	-78.6117
-7.16769	-78.6117	>>-8.78297	-79.8556
-8.78297	-79.8556	>>-8.25013	-81.7138
-8.25013	-81.7138	>>-8.29236	-76.257
-8.29236	-76.257	>>-8.35614	-70.1995
-8.35614	-70.1995	>>-7.25025	-66.4182
-7.25025	-66.4182	>>-7.16999	-69.3141
-7.16999	-69.3141	>>-6.01712	-65.2586
-6.01712	-65.2586	>>-5.67959	-64.5851
-5.67959	-64.5851	>>-4.42313	-61.5475
-4.42313	-61.5475	>>-2.88663	-64.0577
-2.88663	-64.0577	>>-4.41856	-60.8188
-4.41856	-60.8188	>>-6.46445	-58.6809
-6.46445	-58.6809	>>-4.14397	-57.851
-4.14397	-57.851	>>-2.21706	-56.0927
-2.21706	-56.0927	>>-2.89856	-58.8679
-2.89856	-58.8679	>>-0.444011	-59.4346
-0.444011	-59.4346	>>-2.57758	-60.8052
-2.57758	-60.8052	>>-4.38126	-63.1793
-4.38126	-63.1793	>>-2.64403	-60.7046
-2.64403	-60.7046	>>-1.55543	-64.6853
-1.55543	-64.6853	>>0.612082	-66.0582
0.612082	-66.0582	>>2.16791	-69.2485
2.16791	-69.2485	>>2.13974	-74.6934
2.13974	-74.6934	>>0.879299	-78.1465
0.879299	-78.1465	>>-1.38297	-77.2602
-1.38297	-77.2602	>>-1.67278	-73.0564
-1.67278	-73.0564	>>-0.663543	-68.6182
-0.663543	-68.6182	>>1.03753	-67.8246
1.03753	-67.8246	>>3.47871	-68.766
3.47871	-68.766	>>2.85411	-69.5956
2.85411	-69.5956	>>0.999808	-71.6847
0.999808	-71.6847	>>-1.2982	-71.6799
-1.2982	-71.6799	>>-0.64837	-68.1652
-0.64837	-68.1652	>>1.05878	-70.3224
1.05878	-70.3224	>>3.34246	-71.8232
3.34246	-71.8232	>>1.90623	-75.2606
1.90623	-75.2606	>>2.25955	-71.7792
2.25955	-71.7792	>>2.15681	-77.7616
2.15681	-77.7616	>>2.39617	-82.9781
2.39617	-82.9781	>>1.69989	-79.3821
1.69989	-79.3821	>>0.824925	-79.5397
0.824925	-79.5397	>>0.101263	-84.6127
0.101263	-84.6127	>>-2.3359	-83.8077
-2.3359	-83.8077	>>-3.34999	-79.5596
-3.34999	-79.5596	>>-2.14895	-83.4934
-2.14895	-83.4934	>>-1.98659	-88.4956
-1.98659	-88.4956	>>-1.81305	-87.9705
-1.81305	-87.9705	>>-1.40745	-82.7119
-1.40745	-82.7119	>>-0.223933	-79.7557
-0.223933	-79.7557	>>-0.180289	-73.5596
-0.180289	-73.5596	>>-1.14788	-77.9598
-1.14788	-77.9598	>>-0.19909	-82.1992
-0.19909	-82.1992	>>-0.843824	-77.6469
-0.843824	-77.6469	>>-2.44495	-78.7439
-2.44495	-78.7439	>>-2.22088	-76.6353
-2.22088	-76.6353	>>-2.88362	-76.2268
-2.88362	-76.2268	>>-3.53643	-80.16
-3.53643	-80.16	>>-0.750101	-80.6852
-0.750101	-80.6852	>>-0.679797	-84.7012
-0.679797	-84.7012	>>0.143743	-89.1288
0.143743	-89.1288	>>-1.72049	-89.0508
-1.72049	-89.0508	>>-1.31807	-83.8709
-1.31807	-83.8709	>>-2.52889	-83.2144
-2.52889	-83.2144	>>-1.18535	-84.2038
-1.18535	-84.2038	>>-1.91559	-79.5883
-1.91559	-79.5883	>>-4.29628	-77.9989
-4.29628	-77.9989	>>-4.30733	-83.9981
-4.30733	-83.9981	>>-4.33186	-89.8532
-4.33186	-89.8532	>>-5.73601	-88.0453
-5.73601	-88.0453	>>-5.5347	-82.572
-5.5347	-82.572	>>-3.108	-81.6671
-3.108	-81.6671	>>-5.27179	-79.8963
-5.27179	-79.8963	>>-5.59078	-81.1611
-5.59078	-81.1611	>>-3.16769	-82.4532
-3.16769	-82.4532	>>-2.25851	-86.7949
-2.25851	-86.7949	>>-2.29556	-81.2944
-2.29556	-81.2944	>>-2.71442	-75.9914
-2.71442	-75.9914	>>-2.79986	-69.9565
-2.79986	-69.9565	>>-2.34571	-65.0576
-2.34571	-65.0576	>>-1.22273	-69.1442
-1.22273	-69.1442	>>-1.83681	-68.0438
-1.83681	-68.0438	>>-2.64491	-63.3009
-2.64491	-63.3009	>>-3.84156	-67.4559
-3.84156	-67.4559	>>-2.98599	-63.1586
-2.98599	-63.1586	>>-5.83082	-63.3527
-5.83082	-63.3527	>>-4.44653	-65.1983
-4.44653	-65.1983	>>-2.67283	-63.6318
-2.67283	-63.6318	>>-1.12783	-63.7553
-1.12783	-63.7553	>>-0.977665	-59.238
-0.977665	-59.238	>>-1.4434	-60.0961
-1.4434	-60.0961	>>1.27563	-60.9993
1.27563	-60.9993	>>1.27038	-54.8184
1.27038	-54.8184	>>0.892488	-59.1707
0.892488	-59.1707	>>-1.21717	-57.2514
-1.21717	-57.2514	>>-1.20423	-51.1128
-1.20423	-51.1128	>>-2.1777	-52.4038
-2.1777	-52.4038	>>-0.806078	-54.0625
-0.806078	-54.0625	>>-1.50631	-49.6404
-1.50631	-49.6404	>>1.57621	-49.6728
1.57621	-49.6728	>>3.83848	-48.1926
3.83848	-48.1926	>>2.68948	-44.4158
2.68948	-44.4158	>>1.75389	-46.9509
1.75389	-46.9509	>>1.85541	-51.8313
1.85541	-51.8313	>>3.56815	-48.9857
3.56815	-48.9857	>>3.06327	-51.5159
3.06327	-51.5159	>>2.49819	-49.1078
2.49819	-49.1078	>>5.5655	-49.0881
5.5655	-49.0881	>>8.104	-50.3498
8.104	-50.3498	>>10.416	-51.7631
10.416	-51.7631	>>9.96259	-54.9096
9.96259	-54.9096	>>12.7521	-55.4416
12.7521	-55.4416	>>12.8459	-59.8311
12.8459	-59.8311	>>14.4304	-56.8501
14.4304	-56.8501	>>11.6846	-57.8259
11.6846	-57.8259	>>10.7357	-54.2052
10.7357	-54.2052	>>10.8335	-49.1357
10.8335	-49.1357	>>9.19055	-48.7482
9.19055	-48.7482	>>9.16663	-54.5719
9.16663	-54.5719	>>8.00006	-50.9464
8.00006	-50.9464	>>9.95982	-50.9446
9.95982	-50.9446	>>11.9246	-52.0827
11.9246	-52.0827	>>9.47825	-53.6876
9.47825	-53.6876	>>11.6835	-54.2544
11.6835	-54.2544	>>11.6176	-48.5173
11.6176	-48.5173	>>12.1024	-52.6962
12.1024	-52.6962	>>10.5681	-55.4813
10.5681	-55.4813	>>9.91125	-57.9701
9.91125	-57.9701	>>10.9086	-60.9775
10.9086	-60.9775	>>11.6579	-64.1872
11.6579	-64.1872	>>12.8173	-60.7231
12.8173	-60.7231	>>12.3595	-55.4528
12.3595	-55.4528	>>11.2034	-51.6079
11.2034	-51.6079	>>10.4095	-49.9562
10.4095	-49.9562	>>8.99853	-47.1908
8.99853	-47.1908	>>6.87217	-47.1505
6.87217	-47.1505	>>4.73572	-45.9986
4.73572	-45.9986	>>4.73242	-52.2309
4.73242	-52.2309	>>4.79141	-46.2754
4.79141	-46.2754	>>5.07429	-40.4061
5.07429	-40.4061	>>7.62625	-39.4977
7.62625	-39.4977	>>7.56307	-43.9523
7.56307	-43.9523	>>5.9517	-45.864
5.9517	-45.864	>>8.94862	-45.4902
8.94862	-45.4902	>>9.31971	-47.4473
9.31971	-47.4473	>>8.44558	-43.1934
8.44558	-43.1934	>>10.3977	-44.699
10.3977	-44.699	>>11.9351	-47.5694
11.9351	-47.5694	>>9.69918	-49.2886
9.69918	-49.2886	>>9.28309	-43.8522
9.28309	-43.8522	>>8.56879	-45.9519
8.56879	-45.9519	>>6.97084	-48.0167
6.97084	-48.0167	>>6.32625	-49.1481
6.32625	-49.1481	>>7.79671	-50.4052
7.79671	-50.4052	>>8.72801	-52.2763
8.72801	-52.2763	>>8.61953	-46.279
8.61953	-46.279	>>7.82661	-42.1877
7.82661	-42.1877	>>6.7399	-38.4964
6.7399	-38.4964	>>6.73535	-44.7252
6.73535	-44.7252	>>6.79367	-38.9062
6.79367	-38.9062	>>7.66763	-40.8593
7.66763	-40.8593	>>6.22853	-39.4567
6.22853	-39.4567	>>6.3964	-34.3451
6.3964	-34.3451	>>4.01758	-35.961
4.01758	-35.961	>>5.48132	-35.3722
5.48132	-35.3722	>>2.35367	-35.4439
2.35367	-35.4439	>>1.06955	-31.8516
1.06955	-31.8516	>>3.75222	-32.7793
3.75222	-32.7793	>>3.80346	-26.7924
3.80346	-26.7924	>>4.37609	-21.506
4.37609	-21.506	>>4.54825	-17.0968
4.54825	-17.0968	>>7.33087	-17.8564
7.33087	-17.8564	>>5.76114	-19.4615
5.76114	-19.4615	>>5.90916	-24.8112
5.90916	-24.8112	>>7.78296	-22.2293
7.78296	-22.2293	>>7.59232	-16.4014
7.59232	-16.4014	>>5.16034	-17.3147
5.16034	-17.3147	>>6.31688	-21.2007
6.31688	-21.2007	>>7.11348	-25.6481
7.11348	-25.6481	>>4.89957	-26.5727
4.89957	-26.5727	>>2.8468	-29.016
2.8468	-29.016	>>2.47253	-34.12
2.47253	-34.12	>>5.57628	-33.9853
5.57628	-33.9853	>>5.07289	-36.792
5.07289	-36.792	>>6.4696	-39.2729
6.4696	-39.2729	>>5.58918	-40.435
5.58918	-40.435	>>3.68767	-42.5602
3.68767	-42.5602	>>4.44774	-47.0214
4.44774	-47.0214	>>5.24545	-45.0396
5.24545	-45.0396	>>5.24965	-39.3464
5.24965	-39.3464	>>5.16385	-41.9225
5.16385	-41.9225	>>6.43178	-39.1833
6.43178	-39.1833	>>8.58442	-40.8041
8.58442	-40.8041	>>6.91306	-38.2139
6.91306	-38.2139	>>5.71423	-35.3784
5.71423	-35.3784	>>5.11134	-35.2569
5.11134	-35.2569	>>5.31222	-39.2981
5.31222	-39.2981	>>4.58008	-44.2706
4.58008	-44.2706	>>3.88838	-41.3013
3.88838	-41.3013	>>5.3669	-37.9158
5.3669	-37.9158	>>3.46894	-35.8915
3.46894	-35.8915	>>0.436538	-35.7157
0.436538	-35.7157	>>1.66255	-37.8614
1.66255	-37.8614	>>0.129732	-36.621
0.129732	-36.621	>>-1.9488	-36.1035
-1.9488	-36.1035	>>-4.78935	-35.4552
-4.78935	-35.4552	>>-4.42995	-30.5238
-4.42995	-30.5238	>>-3.60503	-33.1249
-3.60503	-33.1249	>>-1.06418	-32.8757
-1.06418	-32.8757	>>1.86213	-32.743
1.86213	-32.743	>>1.67701	-28.0141
1.67701	-28.0141	>>1.90555	-33.6081
1.90555	-33.6081	>>-0.692458	-34.563
-0.692458	-34.563	>>0.163426	-30.183
0.163426	-30.183	>>-0.985796	-33.5019
-0.985796	-33.5019	>>-1.05891	-32.9428
-1.05891	-32.9428	>>0.893409	-34.5536
0.893409	-34.5536	>>-0.679939	-37.7465
-0.679939	-37.7465	>>-0.617292	-43.3937
-0.617292	-43.3937	>>-2.94299	-42.6727
-2.94299	-42.6727	>>-5.34133	-43.7988
-5.34133	-43.7988	>>-6.27517	-39.3065
-6.27517	-39.3065	>>-6.53374	-34.3582
-6.53374	-34.3582	>>-9.55546	-34.7151
-9.55546	-34.7151	>>-8.28792	-36.5947
-8.28792	-36.5947	>>-7.689	-39.2132
-7.689	-39.2132	>>-7.12469	-44.2516
-7.12469	-44.2516	>>-7.07844	-39.8251
-7.07844	-39.8251	>>-4.80061	-37.935
-4.80061	-37.935	>>-4.15353	-34.1327
-4.15353	-34.1327	>>-6.01461	-33.9592
-6.01461	-33.9592	>>-4.4756	-34.4419
-4.4756	-34.4419	>>-6.53476	-35.1147
-6.53476	-35.1147	>>-3.47402	-34.8554
-3.47402	-34.8554	>>-6.46243	-34.5445
-6.46243	-34.5445	>>-4.8547	-35.8355
-4.8547	-35.8355	>>-3.23596	-38.4732
-3.23596	-38.4732	>>-3.11223	-44.2353
-3.11223	-44.2353	>>-3.56194	-40.2899
-3.56194	-40.2899	>>-4.97626	-42.4465
-4.97626	-42.4465	>>-3.0522	-41.7544
-3.0522	-41.7544	>>-2.88744	-39.7323
-2.88744	-39.7323	>>-3.40064	-43.6461
-3.40064	-43.6461	>>-0.998369	-42.9069
-0.998369	-42.9069	>>1.89128	-42.8856
1.89128	-42.8856	>>4.36667	-43.1621
4.36667	-43.1621	>>6.30838	-44.9954
6.30838	-44.9954	>>6.23727	-39.178
6.23727	-39.178	>>6.11738	-42.7258
6.11738	-42.7258	>>5.44105	-46.6661
5.44105	-46.6661	>>8.01772	-47.6611
8.01772	-47.6611	>>5.22255	-47.9266
5.22255	-47.9266	>>5.57467	-44.5098
5.57467	-44.5098	>>5.91155	-47.3432
5.91155	-47.3432	>>8.41658	-45.8659
8.41658	-45.8659	>>5.66736	-46.4218
5.66736	-46.4218	>>4.44262	-49.156
4.44262	-49.156	>>7.19273	-49.8663
7.19273	-49.8663	>>8.19998	-50.872
8.19998	-50.872	>>9.0762	-51.4693
9.0762	-51.4693	>>10.1087	-48.8637
10.1087	-48.8637	>>12.4574	-49.6699
12.4574	-49.6699	>>15.0377	-50.4684
15.0377	-50.4684	>>16.2087	-49.1498
16.2087	-49.1498	>>15.5327	-50.6433
15.5327	-50.6433	>>18.5059	-50.4305
18.5059	-50.4305	>>16.1044	-50.5692
16.1044	-50.5692	>>14.2505	-47.9181
14.2505	-47.9181	>>14.1583	-45.0285
14.1583	-45.0285	>>13.5888	-39.9906
13.5888	-39.9906	>>13.2818	-43.2604
13.2818	-43.2604	>>13.188	-49.3992
13.188	-49.3992	>>14.2391	-48.0096
14.2391	-48.0096	>>14.2251	-41.7569
14.2251	-41.7569	>>14.2592	-47.9562
14.2592	-47.9562	>>14.1125	-42.8309
14.1125	-42.8309	>>16.0875	-45.1918
16.0875	-45.1918	>>14.333	-47.4888
14.333	-47.4888	>>14.1022	-42.1572
14.1022	-42.1572	>>11.8449	-43.4166
11.8449	-43.4166	>>13.4434	-45.7221
13.4434	-45.7221	>>14.4672	-47.724
14.4672	-47.724	>>15.4619	-48.913
15.4619	-48.913	>>12.7318	-48.3134
12.7318	-48.3134	>>12.5459	-43.6824
12.5459	-43.6824	>>14.7848	-42.5905
14.7848	-42.5905	>>14.0787	-45.5085
14.0787	-45.5085	>>13.7894	-42.5337
13.7894	-42.5337	>>13.4338	-48.2286
13.4338	-48.2286	>>14.2061	-50.6286
14.2061	-50.6286	>>13.4462	-50.5249
13.4462	-50.5249	>>14.3681	-48.5084
14.3681	-48.5084	>>14.6002	-43.8842
14.6002	-43.8842	>>12.1368	-44.0778
12.1368	-44.0778	>>10.5005	-41.1741
10.5005	-41.1741	>>13.0618	-41.1636
13.0618	-41.1636	>>10.5242	-42.1377
10.5242	-42.1377	>>13.5732	-42.0455
13.5732	-42.0455	>>15.0706	-44.4784
15.0706	-44.4784	>>15.8207	-41.9331
15.8207	-41.9331	>>16.8931	-45.438
16.8931	-45.438	>>18.6642	-48.0381
18.6642	-48.0381	>>19.3687	-52.9643
19.3687	-52.9643	>>18.414	-48.9425
18.414	-48.9425	>>16.6001	-46.6583
16.6001	-46.6583	>>18.8677	-45.3747
18.8677	-45.3747	>>21.056	-45.064
21.056	-45.064	>>18.9568	-43.4696
18.9568	-43.4696	>>20.0931	-44.9884
20.0931	-44.9884	>>20.467	-41.597
20.467	-41.597	>>23.37	-41.0765
23.37	-41.0765	>>25.1915	-38.2271
25.1915	-38.2271	>>24.8976	-43.7298
24.8976	-43.7298	>>24.2518	-40.1519
24.2518	-40.1519	>>24.3774	-41.8567
24.3774	-41.8567	>>22.116	-43.1168
22.116	-43.1168	>>19.8511	-42.4277
19.8511	-42.4277	>>21.3821	-45.281
21.3821	-45.281	>>20.4768	-49.2943
20.4768	-49.2943	>>18.827	-50.0964
18.827	-50.0964	>>17.3785	-52.3754
17.3785	-52.3754	>>15.042	-52.6261
15.042	-52.6261	>>12.0368	-52.5451
12.0368	-52.5451	>>10.4092	-51.2859
10.4092	-51.2859	>>9.23352	-54.4224
9.23352	-54.4224	>>9.42092	-51.2494
9.42092	-51.2494	>>9.44404	-54.2344
9.44404	-54.2344	>>10.0255	-56.3245
10.0255	-56.3245	>>12.5089	-56.9689
12.5089	-56.9689	>>11.3159	-57.2835
11.3159	-57.2835	>>10.7634	-62.667
10.7634	-62.667	>>10.4507	-59.8644
10.4507	-59.8644	>>7.45693	-60.2364
7.45693	-60.2364	>>7.9764	-61.8689
7.9764	-61.8689	>>11.0869	-61.7399
11.0869	-61.7399	>>10.7541	-64.9428
10.7541	-64.9428	>>10.8728	-69.3961
10.8728	-69.3961	>>13.0546	-70.2985
13.0546	-70.2985	>>14.727	-72.1028
14.727	-72.1028	>>15.0669	-74.1896
15.0669	-74.1896	>>13.1208	-75.9333
13.1208	-75.9333	>>14.7637	-73.2498
14.7637	-73.2498	>>14.7627	-67.0059
14.7627	-67.0059	>>14.737	-73.2658
14.737	-73.2658	>>14.7061	-67.0636
14.7061	-67.0636	>>15.251	-71.5437
15.251	-71.5437	>>15.3123	-65.9913
15.3123	-65.9913	>>15.1715	-60.2719
15.1715	-60.2719	>>15.5512	-65.6776
15.5512	-65.6776	>>17.8789	-64.5605
17.8789	-64.5605	>>16.2645	-67.8791
16.2645	-67.8791	>>15.8812	-67.9501
15.8812	-67.9501	>>17.2738	-71.238
17.2738	-71.238	>>17.3592	-77.306
17.3592	-77.306	>>16.0235	-81.2023
16.0235	-81.2023	>>14.2805	-81.9315
14.2805	-81.9315	>>13.7536	-78.2173
13.7536	-78.2173	>>13.6856	-72.6307
13.6856	-72.6307	>>14.8282	-72.5828
14.8282	-72.5828	>>13.4759	-75.68
13.4759	-75.68	>>15.8804	-76.2356
15.8804	-76.2356	>>15.4564	-72.0739
15.4564	-72.0739	>>17.8977	-70.9726
17.8977	-70.9726	>>18.7667	-74.4283
18.7667	-74.4283	>>19.1012	-77.9877
19.1012	-77.9877	>>19.4829	-74.3452
19.4829	-74.3452	>>16.5687	-74.6311
16.5687	-74.6311	>>19.3711	-74.5957
19.3711	-74.5957	>>21.4577	-72.6955
21.4577	-72.6955	>>23.3915	-73.9056
23.3915	-73.9056	>>21.0743	-72.6541
21.0743	-72.6541	>>18.4972	-73.4961
18.4972	-73.4961	>>18.3425	-73.3872
18.3425	-73.3872	>>16.5574	-72.914
16.5574	-72.914	>>13.9964	-73.8323
13.9964	-73.8323	>>16.6956	-73.7513
16.6956	-73.7513	>>16.6806	-67.8407
16.6806	-67.8407	>>15.5575	-65.1405
15.5575	-65.1405	>>18.4045	-64.8482
18.4045	-64.8482	>>15.9068	-66.2286
15.9068	-66.2286	>>15.1982	-62.9456
15.1982	-62.9456	>>15.7733	-58.5793
15.7733	-58.5793	>>15.3061	-62.2718
15.3061	-62.2718	>>14.9884	-68.0333
14.9884	-68.0333	>>13.7138	-68.4618
13.7138	-68.4618	>>13.4311	-73.7003
13.4311	-73.7003	>>15.1206	-75.7385
15.1206	-75.7385	>>14.8007	-79.9618
14.8007	-79.9618	>>15.298	-85.0696
15.298	-85.0696	>>16.085	-80.9397
16.085	-80.9397	>>17.9087	-78.7612
17.9087	-78.7612	>>18.284	-75.3619
18.284	-75.3619	>>17.5327	-76.7466
17.5327	-76.7466	>>17.663	-75.4721
17.663	-75.4721	>>17.1305	-80.3835
17.1305	-80.3835	>>19.1892	-80.1823
19.1892	-80.1823	>>18.3774	-83.7414
18.3774	-83.7414	>>18.6286	-88.0503
18.6286	-88.0503	>>19.8671	-91.8758
19.8671	-91.8758	>>22.047	-91.6281
22.047	-91.6281	>>19.0744	-91.585
19.0744	-91.585	>>16.6577	-90.0678
16.6577	-90.0678	>>17.89	-93.7706
17.89	-93.7706	>>18.5245	-89.845
18.5245	-89.845	>>15.6543	-89.435
15.6543	-89.435	>>14.4194	-92.7375
14.4194	-92.7375	>>14.8567	-95.7103
14.8567	-95.7103	>>13.886	-91.5459
13.886	-91.5459	>>12.5596	-95.1375
12.5596	-95.1375	>>15.4102	-94.9211
15.4102	-94.9211	>>13.1454	-93.2639
13.1454	-93.2639	>>13.4639	-98.2042
13.4639	-98.2042	>>15.1418	-99.3369
15.1418	-99.3369	>>16.8245	-101.859
16.8245	-101.859	>>18.2968	-100.368
18.2968	-100.368	>>17.2964	-101.3
17.2964	-101.3	>>16.7124	-106.386
16.7124	-106.386	>>16.0806	-106.879
16.0806	-106.879	>>18.7755	-106.933
18.7755	-106.933	>>19.221	-110.766
19.221	-110.766	>>19.3131	-116.887
19.3131	-116.887	>>18.0258	-116.364
18.0258	-116.364	>>21.0813	-116.561
21.0813	-116.561	>>19.209	-114.227
19.209	-114.227	>>19.006	-119.921
19.006	-119.921	>>21.6277	-119.805
21.6277	-119.805	>>20.2792	-116.157
20.2792	-116.157	>>20.896	-118.193
20.896	-118.193	>>19.2245	-115.47
19.2245	-115.47	>>19.3744	-109.869
19.3744	-109.869	>>17.0982	-110.465
17.0982	-110.465	>>18.1612	-107.279
18.1612	-107.279	>>18.73	-112.36
18.73	-112.36	>>18.4406	-110.784
18.4406	-110.784	>>17.2155	-112.925
17.2155	-112.925	>>17.6822	-109.617
17.6822	-109.617	>>18.8833	-110.552
18.8833	-110.552	>>17.4315	-114.052
17.4315	-114.052	>>19.1892	-111.875
19.1892	-111.875	>>20.2685	-112.22
20.2685	-112.22	>>20.4378	-117.868
20.4378	-117.868	>>17.5083	-118.225
17.5083	-118.225	>>18.4743	-117.921
18.4743	-117.921	>>15.861	-117.425
15.861	-117.425	>>17.5496	-120.016
17.5496	-120.016	>>18.1355	-121.924
18.1355	-121.924	>>19.7668	-119.454
19.7668	-119.454	>>20.0011	-124.466
20.0011	-124.466	>>21.3089	-124.427
21.3089	-124.427	>>20.3373	-121.149
20.3373	-121.149	>>21.9797	-122.435
21.9797	-122.435	>>24.2489	-122.948
24.2489	-122.948	>>24.2015	-118.22
24.2015	-118.22	>>23.8852	-123.626
23.8852	-123.626	>>21.4631	-123.818
21.4631	-123.818	>>19.1338	-124.828
19.1338	-124.828	>>20.8083	-127.685
20.8083	-127.685	>>19.925	-123.929
19.925	-123.929	>>22.1302	-125.586
22.1302	-125.586	>>20.303	-123.168
20.303	-123.168	>>21.2623	-125.905
21.2623	-125.905	>>20.9464	-123.961
20.9464	-123.961	>>22.3618	-125.724
22.3618	-125.724	>>23.029	-130.166
23.029	-130.166	>>20.3519	-130.659
20.3519	-130.659	>>22.1364	-132.422
22.1364	-132.422	>>23.7767	-130.016
23.7767	-130.016	>>23.656	-136.149
23.656	-136.149	>>25.2488	-134.938
25.2488	-134.938	>>25.1964	-130.781
25.1964	-130.781	>>25.5547	-136.391
25.5547	-136.391	>>22.6938	-136.695
22.6938	-136.695	>>23.3309	-132.425
23.3309	-132.425	>>22.0264	-129.48
22.0264	-129.48	>>22.7902	-128.493
22.7902	-128.493	>>22.8703	-134.498
22.8703	-134.498	>>22.9342	-139.046
22.9342	-139.046	>>21.3322	-141.236
21.3322	-141.236	>>21.612	-146.545
21.612	-146.545	>>22.8497	-150.114
22.8497	-150.114	>>20.9479	-151.131
20.9479	-151.131	>>17.9526	-151.099
17.9526	-151.099	>>15.0872	-151.806
15.0872	-151.806	>>16.7859	-154.429
16.7859	-154.429	>>17.4074	-157.962
17.4074	-157.962	>>16.1755	-155.004
16.1755	-155.004	>>16.1031	-149.405
16.1031	-149.405	>>18.3785	-148.248
18.3785	-148.248	>>18.4417	-152.569
18.4417	-152.569	>>20.7075	-151.013
20.7075	-151.013	>>20.8253	-157.036
20.8253	-157.036	>>20.1557	-162.195
20.1557	-162.195	>>19.0849	-165.975
19.0849	-165.975	>>19.8903	-163.003
19.8903	-163.003	>>19.7903	-166.993
19.7903	-166.993	>>19.8656	-173.002
19.8656	-173.002	>>19.8202	-177.688
19.8202	-177.688	>>18.8197	-173.891
18.8197	-173.891	>>20.2134	-174.645
20.2134	-174.645	>>19.6123	-175.774
19.6123	-175.774	>>18.9302	-171.815
18.9302	-171.815	>>21.0271	-169.867
21.0271	-169.867	>>24.089	-170.04
24.089	-170.04	>>22.8289	-167.03
22.8289	-167.03	>>22.2501	-172.283
22.2501	-172.283	>>22.2092	-178.169
22.2092	-178.169	>>21.612	-181.016
21.612	-181.016	>>22.0799	-185.038
22.0799	-185.038	>>20.833	-182.277
20.833	-182.277	>>21.3825	-177.043
21.3825	-177.043	>>22.5994	-173.281
22.5994	-173.281	>>21.663	-169.8
21.663	-169.8	>>20.7473	-165.287
20.7473	-165.287	>>20.7679	-159.523
20.7679	-159.523	>>20.6416	-165.606
20.6416	-165.606	>>22.4892	-167.041
22.4892	-167.041	>>24.0331	-166.658
24.0331	-166.658	>>21.2374	-167.102
21.2374	-167.102	>>21.0927	-164.942
21.0927	-164.942	>>22.8107	-162.527
22.8107	-162.527	>>22.3993	-168.141
22.3993	-168.141	>>24.9396	-168.635
24.9396	-168.635	>>22.0085	-168.5
22.0085	-168.5	>>22.0285	-168.164
22.0285	-168.164	>>19.3117	-168.623
19.3117	-168.623	>>20.5893	-168.078
20.5893	-168.078	>>22.7476	-170.119
22.7476	-170.119	>>22.6963	-171.013
22.6963	-171.013	>>22.8494	-176.906
22.8494	-176.906	>>24.6265	-178.507
24.6265	-178.507	>>24.8179	-182.984
24.8179	-182.984	>>25.1042	-188.489
1000-th E = 5.51289
Maximum Founded: 0.0844309
