0.9	0.9	>>-1.57077	-0.45864
-1.57077	-0.45864	>>-2.9995	1.7967
-2.9995	1.7967	>>-4.73763	1.78083
-4.73763	1.78083	>>-4.60837	-3.8555
-4.60837	-3.8555	>>-7.03522	-5.05348
-7.03522	-5.05348	>>-8.95564	-6.18387
-8.95564	-6.18387	>>-11.1651	-7.26619
-11.1651	-7.26619	>>-10.8251	-1.91378
-10.8251	-1.91378	>>-9.6414	0.389771
-9.6414	0.389771	>>-7.62027	1.58806
-7.62027	1.58806	>>-9.72405	3.27022
-9.72405	3.27022	>>-9.57149	-2.61709
-9.57149	-2.61709	>>-6.71463	-2.17655
-6.71463	-2.17655	>>-6.0861	-5.5583
-6.0861	-5.5583	>>-7.91992	-8.0935
-7.91992	-8.0935	>>-10.4138	-6.75288
-10.4138	-6.75288	>>-10.5092	-3.51771
-10.5092	-3.51771	>>-9.81618	-3.15987
-9.81618	-3.15987	>>-10.8829	-5.26553
-10.8829	-5.26553	>>-10.4444	-9.44334
-10.4444	-9.44334	>>-12.3498	-10.9787
-12.3498	-10.9787	>>-12.816	-15.7879
-12.816	-15.7879	>>-12.2769	-21.0495
-12.2769	-21.0495	>>-12.0259	-26.2962
-12.0259	-26.2962	>>-10.3187	-25.4122
-10.3187	-25.4122	>>-11.412	-27.6572
-11.412	-27.6572	>>-9.00301	-26.5534
-9.00301	-26.5534	>>-10.9567	-26.6506
-10.9567	-26.6506	>>-13.8	-27.0835
-13.8	-27.0835	>>-14.5595	-23.786
-14.5595	-23.786	>>-15.8514	-25.9085
-15.8514	-25.9085	>>-14.2192	-24.1405
-14.2192	-24.1405	>>-14.9074	-23.3281
-14.9074	-23.3281	>>-12.7712	-25.421
-12.7712	-25.421	>>-12.504	-22.358
-12.504	-22.358	>>-15.5739	-22.4015
-15.5739	-22.4015	>>-18.2686	-21.6513
-18.2686	-21.6513	>>-18.0151	-20.0018
-18.0151	-20.0018	>>-18.0857	-20.5967
-18.0857	-20.5967	>>-20.6603	-21.9043
-20.6603	-21.9043	>>-22.303	-20.3059
-22.303	-20.3059	>>-22.9062	-15.5461
-22.9062	-15.5461	>>-24.304	-12.5101
-24.304	-12.5101	>>-24.1837	-18.4197
-24.1837	-18.4197	>>-23.0326	-21.1696
-23.0326	-21.1696	>>-25.6538	-20.5598
-25.6538	-20.5598	>>-24.3799	-16.571
-24.3799	-16.571	>>-22.6525	-19.4772
-22.6525	-19.4772	>>-23.186	-14.6502
-23.186	-14.6502	>>-24.4404	-13.1982
-24.4404	-13.1982	>>-22.6909	-11.4636
-22.6909	-11.4636	>>-23.2347	-6.38643
-23.2347	-6.38643	>>-22.8388	-6.89096
-22.8388	-6.89096	>>-21.2927	-6.15964
-21.2927	-6.15964	>>-20.6237	-3.95658
-20.6237	-3.95658	>>-21.821	-0.342709
-21.821	-0.342709	>>-20.6585	-2.90126
-20.6585	-2.90126	>>-22.3521	-1.50993
-22.3521	-1.50993	>>-22.128	-6.53032
-22.128	-6.53032	>>-22.9643	-10.8259
-22.9643	-10.8259	>>-20.486	-11.7051
-20.486	-11.7051	>>-18.8174	-11.2584
-18.8174	-11.2584	>>-18.6908	-16.977
-18.6908	-16.977	>>-19.0416	-11.4845
-19.0416	-11.4845	>>-18.4508	-13.0524
-18.4508	-13.0524	>>-16.6384	-14.6333
-16.6384	-14.6333	>>-14.5483	-14.831
-14.5483	-14.831	>>-17.1223	-15.9155
-17.1223	-15.9155	>>-15.0915	-17.7993
-15.0915	-17.7993	>>-13.5319	-14.8986
-13.5319	-14.8986	>>-16.4934	-14.6093
-16.4934	-14.6093	>>-13.4218	-14.6761
-13.4218	-14.6761	>>-11.2431	-13.0528
-11.2431	-13.0528	>>-11.3882	-18.2277
-11.3882	-18.2277	>>-10.7444	-14.4056
-10.7444	-14.4056	>>-10.938	-12.4231
-10.938	-12.4231	>>-8.58013	-11.1919
-8.58013	-11.1919	>>-6.71368	-13.3173
-6.71368	-13.3173	>>-7.3172	-17.6535
-7.3172	-17.6535	>>-6.19663	-15.9863
-6.19663	-15.9863	>>-6.0032	-21.7522
-6.0032	-21.7522	>>-5.91847	-21.626
-5.91847	-21.626	>>-8.60648	-21.4704
-8.60648	-21.4704	>>-9.52389	-17.9383
-9.52389	-17.9383	>>-11.7065	-17.3102
-11.7065	-17.3102	>>-12.3526	-21.9614
-12.3526	-21.9614	>>-13.1942	-26.2483
-13.1942	-26.2483	>>-13.2195	-20.3724
-13.2195	-20.3724	>>-12.5244	-19.785
-12.5244	-19.785	>>-13.8531	-20.6756
-13.8531	-20.6756	>>-15.3141	-23.3909
-15.3141	-23.3909	>>-16.4307	-24.1776
-16.4307	-24.1776	>>-14.2152	-22.6882
-14.2152	-22.6882	>>-14.7596	-18.5948
-14.7596	-18.5948	>>-14.8432	-15.9144
-14.8432	-15.9144	>>-13.3884	-13.7242
-13.3884	-13.7242	>>-12.6436	-9.97225
-12.6436	-9.97225	>>-13.3351	-5.45636
-13.3351	-5.45636	>>-14.1244	-9.88161
-14.1244	-9.88161	>>-11.835	-9.97126
-11.835	-9.97126	>>-11.3001	-5.04564
-11.3001	-5.04564	>>-10.8233	-10.2541
-10.8233	-10.2541	>>-10.7554	-15.8785
-10.7554	-15.8785	>>-10.7483	-15.995
-10.7483	-15.995	>>-10.7566	-9.76591
-10.7566	-9.76591	>>-10.7502	-15.9808
-10.7502	-15.9808	>>-10.7728	-9.98971
-10.7728	-9.98971	>>-10.7276	-3.88905
-10.7276	-3.88905	>>-11.2567	-3.18322
-11.2567	-3.18322	>>-11.2319	0.706472
-11.2319	0.706472	>>-10.9958	6.22803
-10.9958	6.22803	>>-10.141	6.06623
-10.141	6.06623	>>-8.61612	3.02434
-8.61612	3.02434	>>-9.34063	6.9286
-9.34063	6.9286	>>-8.08247	3.37711
-8.08247	3.37711	>>-10.8579	3.0998
-10.8579	3.0998	>>-9.06018	4.3284
-9.06018	4.3284	>>-11.5223	5.48567
-11.5223	5.48567	>>-10.9627	6.35462
-10.9627	6.35462	>>-13.8949	6.07475
-13.8949	6.07475	>>-11.9426	8.1492
-11.9426	8.1492	>>-9.17323	7.35375
-9.17323	7.35375	>>-10.6623	8.4817
-10.6623	8.4817	>>-10.2683	13.7563
-10.2683	13.7563	>>-10.2475	19.9311
-10.2475	19.9311	>>-10.3599	15.5725
-10.3599	15.5725	>>-11.8792	12.8494
-11.8792	12.8494	>>-13.9753	11.7425
-13.9753	11.7425	>>-13.6865	10.7732
-13.6865	10.7732	>>-13.3091	5.34806
-13.3091	5.34806	>>-12.321	6.94072
-12.321	6.94072	>>-11.4632	2.54341
-11.4632	2.54341	>>-13.0369	1.36133
-13.0369	1.36133	>>-16.0699	1.51817
-16.0699	1.51817	>>-15.4173	-1.03926
-15.4173	-1.03926	>>-14.1498	-3.87126
-14.1498	-3.87126	>>-12.2229	-3.3151
-12.2229	-3.3151	>>-11.763	1.19031
-11.763	1.19031	>>-11.6559	-3.64716
-11.6559	-3.64716	>>-9.89392	-4.76219
-9.89392	-4.76219	>>-9.52665	-8.62847
-9.52665	-8.62847	>>-6.41746	-8.60832
-6.41746	-8.60832	>>-3.7982	-9.44586
-3.7982	-9.44586	>>-3.2684	-5.03276
-3.2684	-5.03276	>>-3.16274	-10.8945
-3.16274	-10.8945	>>-1.49371	-11.8664
-1.49371	-11.8664	>>-4.60868	-11.8243
-4.60868	-11.8243	>>-6.61638	-14.377
-6.61638	-14.377	>>-9.01846	-14.5372
-9.01846	-14.5372	>>-10.4301	-15.2052
-10.4301	-15.2052	>>-8.93449	-13.0418
-8.93449	-13.0418	>>-10.3581	-10.7938
-10.3581	-10.7938	>>-11.3488	-6.47626
-11.3488	-6.47626	>>-11.8618	-11.2554
-11.8618	-11.2554	>>-11.729	-16.0488
-11.729	-16.0488	>>-11.4353	-10.7419
-11.4353	-10.7419	>>-11.1445	-8.29224
-11.1445	-8.29224	>>-10.1273	-3.87443
-10.1273	-3.87443	>>-7.86946	-3.55943
-7.86946	-3.55943	>>-9.2751	-0.000455856
-9.2751	-0.000455856	>>-9.27283	-6.19149
-9.27283	-6.19149	>>-9.03728	-1.85299
-9.03728	-1.85299	>>-6.0774	-1.3679
-6.0774	-1.3679	>>-3.26689	-0.923283
-3.26689	-0.923283	>>-3.45951	-4.15433
-3.45951	-4.15433	>>-0.648237	-3.67869
-0.648237	-3.67869	>>0.876467	-6.57301
0.876467	-6.57301	>>-0.957421	-9.46084
-0.957421	-9.46084	>>0.46093	-8.05005
0.46093	-8.05005	>>2.26668	-6.76212
2.26668	-6.76212	>>2.20196	-12.9819
2.20196	-12.9819	>>2.39142	-7.23789
2.39142	-7.23789	>>2.7704	-11.1059
2.7704	-11.1059	>>2.28549	-12.9625
2.28549	-12.9625	>>1.92687	-7.69047
1.92687	-7.69047	>>-0.0170757	-5.77221
-0.0170757	-5.77221	>>0.845656	-5.11547
0.845656	-5.11547	>>-0.997758	-6.05614
-0.997758	-6.05614	>>-3.03238	-5.98534
-3.03238	-5.98534	>>-2.46532	-7.21565
-2.46532	-7.21565	>>-1.19181	-6.02079
-1.19181	-6.02079	>>-1.50548	-11.7699
-1.50548	-11.7699	>>-2.28385	-11.9822
-2.28385	-11.9822	>>-2.40938	-17.87
-2.40938	-17.87	>>-4.99527	-17.4451
-4.99527	-17.4451	>>-2.99989	-17.3089
-2.99989	-17.3089	>>-0.88382	-17.3122
-0.88382	-17.3122	>>0.717005	-20.465
0.717005	-20.465	>>0.483129	-25.8507
0.483129	-25.8507	>>-2.50402	-26.09
-2.50402	-26.09	>>0.337872	-26.0137
0.337872	-26.0137	>>0.633262	-20.699
0.633262	-20.699	>>1.84657	-17.1434
1.84657	-17.1434	>>0.0253496	-16.2764
0.0253496	-16.2764	>>1.02797	-17.2366
1.02797	-17.2366	>>0.513927	-18.3053
0.513927	-18.3053	>>-1.48219	-17.8624
-1.48219	-17.8624	>>-4.55224	-17.7087
-4.55224	-17.7087	>>-3.06198	-19.3997
-3.06198	-19.3997	>>-0.260289	-19.9829
-0.260289	-19.9829	>>-0.282516	-26.0093
-0.282516	-26.0093	>>-0.219378	-32.1489
-0.219378	-32.1489	>>-0.885439	-30.7016
-0.885439	-30.7016	>>-2.19799	-33.9424
-2.19799	-33.9424	>>-1.46877	-38.142
-1.46877	-38.142	>>1.52197	-37.9586
1.52197	-37.9586	>>-0.0180118	-38.6796
-0.0180118	-38.6796	>>-2.43961	-38.2656
-2.43961	-38.2656	>>-3.00113	-35.961
-3.00113	-35.961	>>-1.52394	-35.999
-1.52394	-35.999	>>-1.56325	-35.061
-1.56325	-35.061	>>0.471686	-33.2088
0.471686	-33.2088	>>2.01134	-34.1373
2.01134	-34.1373	>>-1.07586	-34.1783
-1.07586	-34.1783	>>-3.2975	-32.5344
-3.2975	-32.5344	>>-2.95031	-38.1301
-2.95031	-38.1301	>>-5.90178	-38.1317
-5.90178	-38.1317	>>-8.39627	-38.2082
-8.39627	-38.2082	>>-7.1747	-35.0398
-7.1747	-35.0398	>>-7.90283	-40.1023
-7.90283	-40.1023	>>-10.3169	-38.8743
-10.3169	-38.8743	>>-11.5077	-38.4668
-11.5077	-38.4668	>>-12.7816	-38.1964
-12.7816	-38.1964	>>-13.1072	-42.7571
-13.1072	-42.7571	>>-12.8831	-38.841
-12.8831	-38.841	>>-10.8222	-40.8199
-10.8222	-40.8199	>>-9.83088	-44.6862
-9.83088	-44.6862	>>-10.8666	-48.2459
-10.8666	-48.2459	>>-10.9716	-52.8814
-10.9716	-52.8814	>>-7.90939	-52.8614
-7.90939	-52.8614	>>-5.35586	-53.6445
-5.35586	-53.6445	>>-3.5516	-52.7475
-3.5516	-52.7475	>>-3.45505	-54.7385
-3.45505	-54.7385	>>-3.02362	-53.0264
-3.02362	-53.0264	>>-4.03805	-53.9213
-4.03805	-53.9213	>>-1.46977	-54.6584
-1.46977	-54.6584	>>1.3289	-54.2445
1.3289	-54.2445	>>1.43834	-59.7186
1.43834	-59.7186	>>2.56986	-61.8468
2.56986	-61.8468	>>-0.0554464	-60.7639
-0.0554464	-60.7639	>>0.464487	-58.6343
0.464487	-58.6343	>>3.5271	-58.7089
3.5271	-58.7089	>>5.04859	-57.8191
5.04859	-57.8191	>>7.31059	-59.127
7.31059	-59.127	>>8.56843	-58.9036
8.56843	-58.9036	>>5.93489	-59.667
5.93489	-59.667	>>3.41294	-58.5465
3.41294	-58.5465	>>4.91893	-55.7141
4.91893	-55.7141	>>3.70194	-53.0488
3.70194	-53.0488	>>4.18502	-58.1578
4.18502	-58.1578	>>3.12598	-60.1315
3.12598	-60.1315	>>0.997078	-60.2172
0.997078	-60.2172	>>-0.260725	-60.1147
-0.260725	-60.1147	>>-0.148713	-61.3122
-0.148713	-61.3122	>>1.22111	-57.5113
1.22111	-57.5113	>>1.15478	-51.3556
1.15478	-51.3556	>>2.79164	-52.9209
2.79164	-52.9209	>>3.55193	-55.9047
3.55193	-55.9047	>>0.811564	-56.5181
0.811564	-56.5181	>>0.524004	-62.2537
0.524004	-62.2537	>>0.380181	-61.3106
0.380181	-61.3106	>>-1.24657	-64.5983
-1.24657	-64.5983	>>-1.40356	-67.0374
-1.40356	-67.0374	>>-0.262046	-70.3229
-0.262046	-70.3229	>>-0.37232	-66.2055
-0.37232	-66.2055	>>0.74711	-62.5352
0.74711	-62.5352	>>0.729272	-68.3647
0.729272	-68.3647	>>0.421983	-67.1707
0.421983	-67.1707	>>2.78732	-68.6164
2.78732	-68.6164	>>1.96674	-69.658
1.96674	-69.658	>>-0.862681	-69.2087
-0.862681	-69.2087	>>-1.83779	-73.1953
-1.83779	-73.1953	>>-2.82883	-77.107
-2.82883	-77.107	>>-4.19845	-75.5316
-4.19845	-75.5316	>>-4.62126	-81.1556
-4.62126	-81.1556	>>-2.45192	-82.5239
-2.45192	-82.5239	>>-1.57519	-84.3403
-1.57519	-84.3403	>>-4.15001	-85.7075
-4.15001	-85.7075	>>-5.12976	-81.5047
-5.12976	-81.5047	>>-5.26016	-86.0763
-5.26016	-86.0763	>>-5.17685	-89.9921
-5.17685	-89.9921	>>-5.03048	-95.5473
-5.03048	-95.5473	>>-6.76499	-96.5782
-6.76499	-96.5782	>>-6.92892	-92.7907
-6.92892	-92.7907	>>-5.56294	-95.2344
-5.56294	-95.2344	>>-4.99068	-97.5731
-4.99068	-97.5731	>>-7.47702	-97.3322
-7.47702	-97.3322	>>-10.1325	-96.8212
-10.1325	-96.8212	>>-8.42826	-93.691
-8.42826	-93.691	>>-6.54876	-91.7931
-6.54876	-91.7931	>>-8.10682	-93.4745
-8.10682	-93.4745	>>-7.3128	-97.0968
-7.3128	-97.0968	>>-6.26666	-99.4499
-6.26666	-99.4499	>>-6.40205	-104.258
-6.40205	-104.258	>>-6.66116	-100.635
-6.66116	-100.635	>>-4.92933	-100.995
-4.92933	-100.995	>>-4.7373	-98.3197
-4.7373	-98.3197	>>-5.0051	-102.622
-5.0051	-102.622	>>-8.14432	-102.642
-8.14432	-102.642	>>-10.1119	-101.908
-10.1119	-101.908	>>-7.85918	-103.299
-7.85918	-103.299	>>-6.75995	-107.443
-6.75995	-107.443	>>-6.69585	-102.981
-6.69585	-102.981	>>-6.96674	-97.3296
-6.96674	-97.3296	>>-4.40053	-98.1017
-4.40053	-98.1017	>>-2.01792	-99.3807
-2.01792	-99.3807	>>1.10481	-99.3869
1.10481	-99.3869	>>3.50072	-99.0572
3.50072	-99.0572	>>5.5668	-99.0795
5.5668	-99.0795	>>7.9445	-100.596
7.9445	-100.596	>>5.15268	-101.479
5.15268	-101.479	>>5.59812	-96.6053
5.59812	-96.6053	>>8.02619	-97.7153
8.02619	-97.7153	>>6.72286	-98.6182
6.72286	-98.6182	>>7.15675	-99.5364
7.15675	-99.5364	>>6.42631	-94.7057
6.42631	-94.7057	>>7.93456	-96.9889
7.93456	-96.9889	>>8.34066	-99.4477
8.34066	-99.4477	>>7.25591	-95.4708
7.25591	-95.4708	>>7.17864	-89.7668
7.17864	-89.7668	>>7.44515	-95.3644
7.44515	-95.3644	>>4.4836	-95.7793
4.4836	-95.7793	>>3.35647	-96.3955
3.35647	-96.3955	>>1.39888	-95.4418
1.39888	-95.4418	>>-0.327711	-92.8293
-0.327711	-92.8293	>>-1.491	-89.5295
-1.491	-89.5295	>>-0.357206	-89.8677
-0.357206	-89.8677	>>-2.23059	-89.1112
-2.23059	-89.1112	>>-2.7032	-90.5724
-2.7032	-90.5724	>>-1.91021	-86.5925
-1.91021	-86.5925	>>-4.29679	-85.0685
-4.29679	-85.0685	>>-3.67833	-89.2639
-3.67833	-89.2639	>>-3.93092	-94.8831
-3.93092	-94.8831	>>-1.13841	-94.7818
-1.13841	-94.7818	>>-0.32107	-90.2525
-0.32107	-90.2525	>>-0.361087	-84.5907
-0.361087	-84.5907	>>1.40357	-86.8707
1.40357	-86.8707	>>-1.22933	-87.2907
-1.22933	-87.2907	>>-0.982445	-81.6794
-0.982445	-81.6794	>>-3.3934	-82.0815
-3.3934	-82.0815	>>-1.34336	-84.314
-1.34336	-84.314	>>-2.53535	-80.4547
-2.53535	-80.4547	>>-4.19961	-79.339
-4.19961	-79.339	>>-3.23654	-76.3939
-3.23654	-76.3939	>>-2.88325	-77.4794
-2.88325	-77.4794	>>-2.30215	-73.4908
-2.30215	-73.4908	>>-2.40767	-79.343
-2.40767	-79.343	>>-4.77391	-77.7982
-4.77391	-77.7982	>>-4.5619	-83.1151
-4.5619	-83.1151	>>-1.6423	-82.6707
-1.6423	-82.6707	>>0.0735499	-85.0646
0.0735499	-85.0646	>>-1.93402	-83.0144
-1.93402	-83.0144	>>-2.44437	-80.5023
-2.44437	-80.5023	>>-2.36001	-82.652
-2.36001	-82.652	>>-0.544402	-81.3318
-0.544402	-81.3318	>>-3.1516	-82.3167
-3.1516	-82.3167	>>-1.73843	-78.6632
-1.73843	-78.6632	>>-1.44885	-81.1995
-1.44885	-81.1995	>>0.297768	-79.6785
0.297768	-79.6785	>>1.09799	-83.1107
1.09799	-83.1107	>>-1.36742	-82.2375
-1.36742	-82.2375	>>-1.04871	-77.702
-1.04871	-77.702	>>-2.7632	-76.2139
-2.7632	-76.2139	>>-2.83423	-81.654
-2.83423	-81.654	>>-4.23541	-83.2661
-4.23541	-83.2661	>>-4.1578	-77.0731
-4.1578	-77.0731	>>-5.58883	-80.521
-5.58883	-80.521	>>-4.87972	-77.2621
-4.87972	-77.2621	>>-4.54454	-81.5525
-4.54454	-81.5525	>>-2.68036	-80.1171
-2.68036	-80.1171	>>-1.2677	-79.1947
-1.2677	-79.1947	>>-1.10738	-74.6617
-1.10738	-74.6617	>>-3.35781	-73.1391
-3.35781	-73.1391	>>-1.49657	-72.5817
-1.49657	-72.5817	>>1.18748	-72.6589
1.18748	-72.6589	>>0.17575	-74.7156
0.17575	-74.7156	>>-0.379759	-79.6493
-0.379759	-79.6493	>>1.73512	-78.6137
1.73512	-78.6137	>>1.92808	-79.8851
1.92808	-79.8851	>>4.77252	-80.0602
4.77252	-80.0602	>>4.40172	-84.8424
4.40172	-84.8424	>>2.00097	-86.4963
2.00097	-86.4963	>>2.14758	-86.4584
2.14758	-86.4584	>>3.05002	-82.2737
3.05002	-82.2737	>>3.9154	-84.1623
3.9154	-84.1623	>>1.45537	-82.9077
1.45537	-82.9077	>>-1.33602	-82.3156
-1.33602	-82.3156	>>-2.45963	-78.4172
-2.45963	-78.4172	>>-5.0597	-79.1276
-5.0597	-79.1276	>>-8.01556	-79.1972
-8.01556	-79.1972	>>-9.9453	-78.7388
-9.9453	-78.7388	>>-10.3551	-80.8115
-10.3551	-80.8115	>>-11.6437	-77.0466
-11.6437	-77.0466	>>-10.5265	-72.7737
-10.5265	-72.7737	>>-11.4397	-73.7852
-11.4397	-73.7852	>>-12.6731	-71.6284
-12.6731	-71.6284	>>-11.1284	-71.5178
-11.1284	-71.5178	>>-11.6264	-75.9945
-11.6264	-75.9945	>>-11.7843	-71.5542
-11.7843	-71.5542	>>-12.1467	-66.553
-12.1467	-66.553	>>-13.3669	-70.675
-13.3669	-70.675	>>-11.7243	-68.1771
-11.7243	-68.1771	>>-11.2458	-71.6319
-11.2458	-71.6319	>>-11.4274	-71.4823
-11.4274	-71.4823	>>-12.0392	-74.1389
-12.0392	-74.1389	>>-15.0617	-73.9685
-15.0617	-73.9685	>>-13.9261	-76.0958
-13.9261	-76.0958	>>-16.5043	-74.9218
-16.5043	-74.9218	>>-19.1174	-74.8359
-19.1174	-74.8359	>>-17.0108	-72.6122
-17.0108	-72.6122	>>-20.1093	-72.7067
-20.1093	-72.7067	>>-21.399	-69.4369
-21.399	-69.4369	>>-23.1591	-71.8774
-23.1591	-71.8774	>>-21.3799	-71.7014
-21.3799	-71.7014	>>-20.1061	-68.34
-20.1061	-68.34	>>-17.8183	-66.47
-17.8183	-66.47	>>-17.3702	-61.3031
-17.3702	-61.3031	>>-18.6578	-57.5426
-18.6578	-57.5426	>>-17.7391	-52.8644
-17.7391	-52.8644	>>-18.0491	-54.0853
-18.0491	-54.0853	>>-20.7014	-55.1007
-20.7014	-55.1007	>>-19.7114	-52.9449
-19.7114	-52.9449	>>-20.2541	-48.5091
-20.2541	-48.5091	>>-20.2561	-54.7768
-20.2561	-54.7768	>>-20.2635	-48.7371
-20.2635	-48.7371	>>-20.2364	-42.639
-20.2364	-42.639	>>-20.5965	-41.9325
-20.5965	-41.9325	>>-22.5739	-39.7399
-22.5739	-39.7399	>>-22.2119	-42.4996
-22.2119	-42.4996	>>-22.208	-48.5847
-22.208	-48.5847	>>-23.0071	-51.8525
-23.0071	-51.8525	>>-19.9912	-51.7572
-19.9912	-51.7572	>>-19.7082	-52.1053
-19.7082	-52.1053	>>-18.825	-50.2505
-18.825	-50.2505	>>-18.8168	-55.8358
-18.8168	-55.8358	>>-17.7701	-58.8627
-17.7701	-58.8627	>>-17.4769	-60.2034
-17.4769	-60.2034	>>-15.7666	-59.481
-15.7666	-59.481	>>-15.7126	-53.5183
-15.7126	-53.5183	>>-15.5238	-47.4985
-15.5238	-47.4985	>>-15.5846	-46.5674
-15.5846	-46.5674	>>-13.52	-44.314
-13.52	-44.314	>>-15.7735	-44.8935
-15.7735	-44.8935	>>-15.4184	-43.8425
-15.4184	-43.8425	>>-17.8847	-42.4441
-17.8847	-42.4441	>>-16.4081	-39.4436
-16.4081	-39.4436	>>-18.0853	-41.9005
-18.0853	-41.9005	>>-15.4754	-42.7182
-15.4754	-42.7182	>>-14.2725	-41.8535
-14.2725	-41.8535	>>-14.6037	-39.8188
-14.6037	-39.8188	>>-16.5494	-42.465
-16.5494	-42.465	>>-17.8355	-40.7842
-17.8355	-40.7842	>>-17.2018	-45.819
-17.2018	-45.819	>>-16.4157	-41.6608
-16.4157	-41.6608	>>-14.021	-40.4627
-14.021	-40.4627	>>-12.6103	-41.1743
-12.6103	-41.1743	>>-10.5929	-43.2945
-10.5929	-43.2945	>>-12.0109	-46.3362
-12.0109	-46.3362	>>-9.23866	-46.1109
-9.23866	-46.1109	>>-9.55557	-47.5995
-9.55557	-47.5995	>>-6.72308	-46.7974
-6.72308	-46.7974	>>-7.07408	-52.1284
-7.07408	-52.1284	>>-9.92137	-52.1845
-9.92137	-52.1845	>>-11.9137	-54.068
-11.9137	-54.068	>>-13.9026	-51.7899
-13.9026	-51.7899	>>-12.6947	-55.0545
-12.6947	-55.0545	>>-11.9594	-50.2582
-11.9594	-50.2582	>>-11.6494	-51.8416
-11.6494	-51.8416	>>-13.4165	-54.1918
-13.4165	-54.1918	>>-11.6347	-51.9876
-11.6347	-51.9876	>>-11.9683	-47.3984
-11.9683	-47.3984	>>-9.04094	-47.1146
-9.04094	-47.1146	>>-12.076	-47.4226
-12.076	-47.4226	>>-9.73452	-48.8948
-9.73452	-48.8948	>>-10.1253	-47.7374
-10.1253	-47.7374	>>-10.4872	-43.3996
-10.4872	-43.3996	>>-13.4604	-43.5227
-13.4604	-43.5227	>>-12.6114	-45.0309
-12.6114	-45.0309	>>-11.6771	-41.2003
-11.6771	-41.2003	>>-10.8133	-45.5519
-10.8133	-45.5519	>>-11.4954	-40.7383
-11.4954	-40.7383	>>-11.0353	-40.5592
-11.0353	-40.5592	>>-13.1237	-41.6313
-13.1237	-41.6313	>>-15.4237	-41.5622
-15.4237	-41.5622	>>-13.4937	-43.7411
-13.4937	-43.7411	>>-13.1426	-43.4956
-13.1426	-43.4956	>>-13.0301	-48.3636
-13.0301	-48.3636	>>-9.96021	-48.1209
-9.96021	-48.1209	>>-12.9737	-47.9433
-12.9737	-47.9433	>>-10.9593	-47.2062
-10.9593	-47.2062	>>-12.5347	-48.5042
-12.5347	-48.5042	>>-12.3719	-47.1481
-12.3719	-47.1481	>>-10.3542	-46.1303
-10.3542	-46.1303	>>-8.52414	-46.1115
-8.52414	-46.1115	>>-5.4508	-45.8923
-5.4508	-45.8923	>>-8.3419	-46.1862
-8.3419	-46.1862	>>-7.17017	-42.7713
-7.17017	-42.7713	>>-6.74803	-37.3817
-6.74803	-37.3817	>>-6.88507	-37.2444
-6.88507	-37.2444	>>-7.04635	-41.3574
-7.04635	-41.3574	>>-4.08446	-40.8527
-4.08446	-40.8527	>>-1.43474	-39.782
-1.43474	-39.782	>>-2.54714	-37.4224
-2.54714	-37.4224	>>-5.05583	-36.4909
-5.05583	-36.4909	>>-4.71418	-38.6141
-4.71418	-38.6141	>>-3.92478	-37.399
-3.92478	-37.399	>>-1.29882	-36.7219
-1.29882	-36.7219	>>-1.00339	-31.2476
-1.00339	-31.2476	>>-1.09781	-31.1145
-1.09781	-31.1145	>>-3.69685	-31.8166
-3.69685	-31.8166	>>-4.52972	-36.0612
-4.52972	-36.0612	>>-2.37127	-35.1746
-2.37127	-35.1746	>>-0.669745	-32.7592
-0.669745	-32.7592	>>-0.855182	-38.2481
-0.855182	-38.2481	>>-0.899862	-43.1855
-0.899862	-43.1855	>>-2.69671	-45.5592
-2.69671	-45.5592	>>-1.93528	-40.9513
-1.93528	-40.9513	>>-0.301523	-39.0121
-0.301523	-39.0121	>>-0.164854	-44.9405
-0.164854	-44.9405	>>0.980676	-48.6641
0.980676	-48.6641	>>-1.77855	-48.3485
-1.77855	-48.3485	>>-1.34087	-50.7278
-1.34087	-50.7278	>>-0.89696	-45.7506
-0.89696	-45.7506	>>-0.879439	-49.5312
-0.879439	-49.5312	>>-1.72447	-45.4488
-1.72447	-45.4488	>>-2.08401	-40.7363
-2.08401	-40.7363	>>-2.5583	-37.6613
-2.5583	-37.6613	>>0.105726	-38.5219
0.105726	-38.5219	>>-0.547906	-34.7379
-0.547906	-34.7379	>>-0.0874598	-36.5561
-0.0874598	-36.5561	>>-1.85485	-39.1827
-1.85485	-39.1827	>>-3.23493	-42.2352
-3.23493	-42.2352	>>-3.3081	-36.1782
-3.3081	-36.1782	>>-2.50114	-32.8374
-2.50114	-32.8374	>>-5.29654	-32.8602
-5.29654	-32.8602	>>-6.09311	-31.3824
-6.09311	-31.3824	>>-3.43272	-31.4879
-3.43272	-31.4879	>>-3.86111	-34.0045
-3.86111	-34.0045	>>-3.97103	-29.1952
-3.97103	-29.1952	>>-5.92098	-30.0262
-5.92098	-30.0262	>>-6.79804	-27.1406
-6.79804	-27.1406	>>-7.62116	-27.9335
-7.62116	-27.9335	>>-9.35699	-25.2346
-9.35699	-25.2346	>>-8.99478	-20.4828
-8.99478	-20.4828	>>-8.32196	-20.2849
-8.32196	-20.2849	>>-8.86737	-15.0319
-8.86737	-15.0319	>>-9.6622	-10.6468
-9.6622	-10.6468	>>-7.99724	-11.7688
-7.99724	-11.7688	>>-7.26404	-11.8761
-7.26404	-11.8761	>>-7.44221	-11.5676
-7.44221	-11.5676	>>-5.26583	-13.1435
-5.26583	-13.1435	>>-5.05807	-12.0862
-5.05807	-12.0862	>>-7.6798	-13.2588
-7.6798	-13.2588	>>-7.83712	-18.9306
-7.83712	-18.9306	>>-6.6509	-15.7448
-6.6509	-15.7448	>>-6.52667	-20.8038
-6.52667	-20.8038	>>-8.47389	-21.6602
-8.47389	-21.6602	>>-5.68853	-21.2806
-5.68853	-21.2806	>>-6.16716	-26.7978
-6.16716	-26.7978	>>-5.23614	-22.1196
-5.23614	-22.1196	>>-5.60673	-22.9362
-5.60673	-22.9362	>>-7.41914	-20.4053
-7.41914	-20.4053	>>-9.9218	-21.3584
-9.9218	-21.3584	>>-7.2594	-22.1537
-7.2594	-22.1537	>>-7.17829	-20.3116
-7.17829	-20.3116	>>-6.16054	-16.029
-6.16054	-16.029	>>-6.78743	-21.1015
-6.78743	-21.1015	>>-7.3956	-18.9643
-7.3956	-18.9643	>>-8.44965	-22.3031
-8.44965	-22.3031	>>-10.2772	-20.6957
-10.2772	-20.6957	>>-10.0018	-16.1459
-10.0018	-16.1459	>>-13.0345	-16.1317
-13.0345	-16.1317	>>-16.1108	-16.1025
-16.1108	-16.1025	>>-18.4851	-17.4671
-18.4851	-17.4671	>>-19.7385	-17.9896
-19.7385	-17.9896	>>-19.7808	-11.8435
-19.7808	-11.8435	>>-19.3135	-14.5744
-19.3135	-14.5744	>>-18.4059	-18.2985
-18.4059	-18.2985	>>-19.8672	-15.3087
-19.8672	-15.3087	>>-18.4972	-18.9391
-18.4972	-18.9391	>>-20.6694	-19.0148
-20.6694	-19.0148	>>-20.3726	-13.5657
-20.3726	-13.5657	>>-18.8177	-16.8233
-18.8177	-16.8233	>>-17.8584	-20.5647
-17.8584	-20.5647	>>-19.2382	-16.9948
-19.2382	-16.9948	>>-19.2165	-23.205
-19.2165	-23.205	>>-19.6193	-18.2353
-19.6193	-18.2353	>>-19.1846	-22.383
-19.1846	-22.383	>>-17.8462	-22.5987
-17.8462	-22.5987	>>-19.4576	-20.6197
-19.4576	-20.6197	>>-16.4613	-20.833
-16.4613	-20.833	>>-19.0733	-19.9902
-19.0733	-19.9902	>>-18.7221	-22.7313
-18.7221	-22.7313	>>-18.5718	-28.6411
-18.5718	-28.6411	>>-15.761	-29.0199
-15.761	-29.0199	>>-15.7904	-22.8654
-15.7904	-22.8654	>>-15.1033	-23.9747
-15.1033	-23.9747	>>-14.3026	-27.4985
-14.3026	-27.4985	>>-14.3201	-33.4179
-14.3201	-33.4179	>>-15.3926	-36.0209
-15.3926	-36.0209	>>-14.7719	-39.8662
-14.7719	-39.8662	>>-14.4416	-40.9422
-14.4416	-40.9422	>>-16.3652	-42.5286
-16.3652	-42.5286	>>-15.6609	-47.0287
-15.6609	-47.0287	>>-15.043	-41.9438
-15.043	-41.9438	>>-13.0619	-43.1484
-13.0619	-43.1484	>>-15.8782	-42.603
-15.8782	-42.603	>>-17.9909	-41.1573
-17.9909	-41.1573	>>-20.8652	-41.2786
-20.8652	-41.2786	>>-20.1589	-45.7756
-20.1589	-45.7756	>>-19.5952	-40.6741
-19.5952	-40.6741	>>-17.4331	-42.533
-17.4331	-42.533	>>-16.2934	-44.9386
-16.2934	-44.9386	>>-16.8176	-48.9964
-16.8176	-48.9964	>>-16.763	-43.3099
-16.763	-43.3099	>>-16.6553	-48.1373
-16.6553	-48.1373	>>-14.8358	-48.6149
-14.8358	-48.6149	>>-16.3506	-47.5975
-16.3506	-47.5975	>>-14.68	-49.6091
-14.68	-49.6091	>>-13.2829	-48.1306
-13.2829	-48.1306	>>-12.736	-48.0838
-12.736	-48.0838	>>-12.4111	-44.6544
-12.4111	-44.6544	>>-9.9772	-43.6505
-9.9772	-43.6505	>>-12.9127	-43.8792
-12.9127	-43.8792	>>-10.2884	-43.9114
-10.2884	-43.9114	>>-10.8761	-46.2518
-10.8761	-46.2518	>>-10.8285	-50.6565
-10.8285	-50.6565	>>-12.1197	-52.4656
-12.1197	-52.4656	>>-11.1313	-56.24
-11.1313	-56.24	>>-11.4071	-51.7106
-11.4071	-51.7106	>>-10.1868	-48.7754
-10.1868	-48.7754	>>-9.77838	-43.1734
-9.77838	-43.1734	>>-10.1556	-46.3787
-10.1556	-46.3787	>>-8.32117	-46.2954
-8.32117	-46.2954	>>-9.00583	-41.3474
-9.00583	-41.3474	>>-6.05151	-41.256
-6.05151	-41.256	>>-5.82494	-39.2598
-5.82494	-39.2598	>>-5.66162	-44.8446
-5.66162	-44.8446	>>-7.27541	-47.1396
-7.27541	-47.1396	>>-6.88046	-46.398
-6.88046	-46.398	>>-4.74487	-45.4398
-4.74487	-45.4398	>>-4.88196	-41.1536
-4.88196	-41.1536	>>-6.98643	-42.3942
-6.98643	-42.3942	>>-3.95739	-42.2991
-3.95739	-42.2991	>>-2.22193	-43.7118
-2.22193	-43.7118	>>-2.5212	-38.42
-2.5212	-38.42	>>-5.16066	-38.0187
-5.16066	-38.0187	>>-5.56973	-43.2544
-5.56973	-43.2544	>>-5.72919	-45.9176
-5.72919	-45.9176	>>-6.16541	-43.0842
-6.16541	-43.0842	>>-7.62607	-46.0304
-7.62607	-46.0304	>>-6.77779	-41.7874
-6.77779	-41.7874	>>-6.57503	-47.4659
-6.57503	-47.4659	>>-7.75511	-44.9516
-7.75511	-44.9516	>>-7.75393	-40.0373
-7.75393	-40.0373	>>-7.74437	-34.2702
-7.74437	-34.2702	>>-7.79696	-40.4305
-7.79696	-40.4305	>>-7.16972	-36.8676
-7.16972	-36.8676	>>-5.57299	-36.0118
-5.57299	-36.0118	>>-5.15229	-33.2424
-5.15229	-33.2424	>>-5.33241	-28.175
-5.33241	-28.175	>>-4.14486	-25.2498
-4.14486	-25.2498	>>-4.14903	-20.3021
-4.14903	-20.3021	>>-2.96734	-16.1053
-2.96734	-16.1053	>>-5.92807	-15.715
-5.92807	-15.715	>>-7.11363	-18.1174
-7.11363	-18.1174	>>-9.5399	-18.7665
-9.5399	-18.7665	>>-10.1693	-20.308
-10.1693	-20.308	>>-9.0959	-15.9931
-9.0959	-15.9931	>>-8.8659	-19.5118
-8.8659	-19.5118	>>-9.16332	-14.8423
-9.16332	-14.8423	>>-7.59458	-12.393
-7.59458	-12.393	>>-10.1833	-11.8201
-10.1833	-11.8201	>>-9.12901	-7.89638
-9.12901	-7.89638	>>-6.97424	-8.82625
-6.97424	-8.82625	>>-4.45221	-9.45899
-4.45221	-9.45899	>>-5.91579	-11.0146
-5.91579	-11.0146	>>-6.40058	-7.8679
-6.40058	-7.8679	>>-8.87961	-7.31139
-8.87961	-7.31139	>>-7.33498	-10.5837
-7.33498	-10.5837	>>-6.02148	-13.5552
-6.02148	-13.5552	>>-8.01987	-14.2374
-8.01987	-14.2374	>>-8.51344	-13.4747
-8.51344	-13.4747	>>-9.49398	-12.9832
-9.49398	-12.9832	>>-10.1504	-13.2119
-10.1504	-13.2119	>>-11.0346	-8.85162
-11.0346	-8.85162	>>-8.07982	-8.37899
-8.07982	-8.37899	>>-5.28294	-8.34076
-5.28294	-8.34076	>>-5.78152	-5.43187
-5.78152	-5.43187	>>-5.38802	-1.69704
-5.38802	-1.69704	>>-3.9492	1.33451
-3.9492	1.33451	>>-6.52549	0.484639
-6.52549	0.484639	>>-5.92788	1.47738
-5.92788	1.47738	>>-6.70746	4.15927
-6.70746	4.15927	>>-7.54743	1.29052
-7.54743	1.29052	>>-6.07016	-0.259587
-6.07016	-0.259587	>>-5.72384	2.41495
-5.72384	2.41495	>>-5.1881	5.73054
-5.1881	5.73054	>>-4.8777	11.4451
-4.8777	11.4451	>>-6.2718	14.9773
-6.2718	14.9773	>>-6.17881	8.9096
-6.17881	8.9096	>>-7.49112	6.20752
-7.49112	6.20752	>>-9.08348	6.51957
-9.08348	6.51957	>>-8.4098	3.52373
-8.4098	3.52373	>>-9.17225	0.369734
-9.17225	0.369734	>>-10.7294	0.388253
-10.7294	0.388253	>>-10.2337	1.80401
-10.2337	1.80401	>>-10.4974	6.40983
-10.4974	6.40983	>>-7.65558	6.35985
-7.65558	6.35985	>>-5.85173	5.69752
-5.85173	5.69752	>>-4.75272	1.52864
-4.75272	1.52864	>>-4.76857	7.25398
-4.76857	7.25398	>>-4.78194	1.05713
-4.78194	1.05713	>>-4.43391	5.4283
-4.43391	5.4283	>>-2.21307	3.73388
-2.21307	3.73388	>>-2.04855	9.78514
-2.04855	9.78514	>>-3.3411	11.4361
-3.3411	11.4361	>>-2.17789	7.53707
-2.17789	7.53707	>>-1.52086	2.66196
-1.52086	2.66196	>>-4.31523	2.24909
-4.31523	2.24909	>>-4.32853	8.00047
-4.32853	8.00047	>>-4.33682	2.4833
-4.33682	2.4833	>>-4.01498	-2.82647
-4.01498	-2.82647	>>-1.44513	-2.45887
-1.44513	-2.45887	>>-2.88884	-4.23439
-2.88884	-4.23439	>>-3.34521	-8.13743
-3.34521	-8.13743	>>-1.67924	-7.65365
-1.67924	-7.65365	>>-0.332064	-9.3134
-0.332064	-9.3134	>>-1.37762	-5.25681
-1.37762	-5.25681	>>-1.5646	-0.891531
-1.5646	-0.891531	>>-4.42515	-0.533551
-4.42515	-0.533551	>>-3.2981	-3.1978
-3.2981	-3.1978	>>-2.78559	1.31368
-2.78559	1.31368	>>-3.21611	-2.66667
-3.21611	-2.66667	>>-3.87417	0.0626345
-3.87417	0.0626345	>>-2.35968	3.0085
-2.35968	3.0085	>>-2.56434	-1.7681
-2.56434	-1.7681	>>-3.22409	-4.20464
-3.22409	-4.20464	>>-3.55129	0.791378
-3.55129	0.791378	>>-2.05619	-0.869079
-2.05619	-0.869079	>>0.915545	-0.572034
0.915545	-0.572034	>>-1.25354	-2.68746
-1.25354	-2.68746	>>-1.27397	1.46134
-1.27397	1.46134	>>-1.09956	-4.19939
-1.09956	-4.19939	>>-2.6456	-1.38452
-2.6456	-1.38452	>>-4.62442	-1.10222
-4.62442	-1.10222	>>-2.42036	0.411058
-2.42036	0.411058	>>0.0137339	-1.07513
0.0137339	-1.07513	>>-2.5128	-0.730846
-2.5128	-0.730846	>>-1.76492	-1.2121
-1.76492	-1.2121	>>-1.85464	-6.57677
-1.85464	-6.57677	>>-3.36729	-3.49444
-3.36729	-3.49444	>>-3.50942	-8.10341
-3.50942	-8.10341	>>-0.484415	-7.98165
-0.484415	-7.98165	>>-1.19632	-8.56931
-1.19632	-8.56931	>>-2.06229	-12.6628
-2.06229	-12.6628	>>-4.67697	-11.7039
-4.67697	-11.7039	>>-3.86682	-16.211
-3.86682	-16.211	>>-4.82327	-20.1771
-4.82327	-20.1771	>>-5.85933	-23.3173
-5.85933	-23.3173	>>-4.42672	-26.7602
-4.42672	-26.7602	>>-4.77943	-23.9761
-4.77943	-23.9761	>>-4.63744	-18.2062
-4.63744	-18.2062	>>-3.53023	-22.108
-3.53023	-22.108	>>-0.498812	-21.7849
-0.498812	-21.7849	>>-1.83027	-21.7413
-1.83027	-21.7413	>>-1.98717	-27.1568
-1.98717	-27.1568	>>-4.86237	-27.324
-4.86237	-27.324	>>-3.28936	-30.4146
-3.28936	-30.4146	>>-3.88082	-32.9756
-3.88082	-32.9756	>>-3.20622	-28.9905
-3.20622	-28.9905	>>-3.09271	-34.9328
-3.09271	-34.9328	>>-1.09148	-37.0589
-1.09148	-37.0589	>>-2.90577	-39.7174
-2.90577	-39.7174	>>-3.92227	-42.8366
-3.92227	-42.8366	>>-1.50677	-44.3635
-1.50677	-44.3635	>>-4.61458	-44.4186
-4.61458	-44.4186	>>-6.68586	-42.4908
-6.68586	-42.4908	>>-6.83929	-36.8082
-6.83929	-36.8082	>>-5.77996	-40.9809
-5.77996	-40.9809	>>-5.66354	-35.0937
-5.66354	-35.0937	>>-4.08662	-32.7262
-4.08662	-32.7262	>>-4.89367	-29.6864
-4.89367	-29.6864	>>-6.6158	-32.2196
-6.6158	-32.2196	>>-5.71571	-35.9872
-5.71571	-35.9872	>>-5.83866	-30.0071
-5.83866	-30.0071	>>-5.97959	-24.6791
-5.97959	-24.6791	>>-8.39037	-25.144
-8.39037	-25.144	>>-6.09644	-24.4447
-6.09644	-24.4447	>>-4.40848	-27.043
-4.40848	-27.043	>>-3.08059	-30.0761
-3.08059	-30.0761	>>-5.36247	-31.9855
-5.36247	-31.9855	>>-5.71899	-36.6178
-5.71899	-36.6178	>>-5.01728	-35.6768
-5.01728	-35.6768	>>-7.50804	-35.2993
-7.50804	-35.2993	>>-9.33128	-35.5685
-9.33128	-35.5685	>>-8.23262	-39.3917
-8.23262	-39.3917	>>-7.80198	-40.3033
-7.80198	-40.3033	>>-7.23453	-45.1868
-7.23453	-45.1868	>>-7.5221	-41.098
-7.5221	-41.098	>>-4.57672	-40.7583
-4.57672	-40.7583	>>-4.8711	-43.6661
-4.8711	-43.6661	>>-6.69104	-45.6608
-6.69104	-45.6608	>>-5.58448	-47.8681
-5.58448	-47.8681	>>-8.33165	-48.3414
-8.33165	-48.3414	>>-9.65877	-45.7903
-9.65877	-45.7903	>>-10.5239	-50.5558
-10.5239	-50.5558	>>-8.51324	-49.8024
-8.51324	-49.8024	>>-10.4329	-50.2343
-10.4329	-50.2343	>>-9.87731	-47.7516
-9.87731	-47.7516	>>-9.83373	-52.1221
-9.83373	-52.1221	>>-11.3239	-51.5813
-11.3239	-51.5813	>>-10.1996	-54.8068
-10.1996	-54.8068	>>-9.49801	-50.0624
-9.49801	-50.0624	>>-7.28241	-50.1213
-7.28241	-50.1213	>>-6.74481	-50.7949
-6.74481	-50.7949	>>-6.85235	-56.2968
-6.85235	-56.2968	>>-5.85228	-60.6445
-5.85228	-60.6445	>>-7.60116	-61.5533
-7.60116	-61.5533	>>-5.99662	-58.4918
-5.99662	-58.4918	>>-5.67237	-58.3601
-5.67237	-58.3601	>>-7.20373	-59.7306
-7.20373	-59.7306	>>-7.44452	-53.9979
-7.44452	-53.9979	>>-7.52155	-56.134
-7.52155	-56.134	>>-4.41716	-56.1762
-4.41716	-56.1762	>>-2.27652	-54.4648
-2.27652	-54.4648	>>-2.45794	-59.8809
-2.45794	-59.8809	>>-5.45445	-59.8994
-5.45445	-59.8994	>>-8.29938	-60.3271
-8.29938	-60.3271	>>-9.01171	-56.6365
-9.01171	-56.6365	>>-12.1176	-56.5991
-12.1176	-56.5991	>>-14.379	-58.2016
-14.379	-58.2016	>>-13.1176	-54.8131
-13.1176	-54.8131	>>-11.4168	-51.6628
-11.4168	-51.6628	>>-9.04226	-50.4054
-9.04226	-50.4054	>>-6.20762	-50.9232
-6.20762	-50.9232	>>-5.45027	-54.0529
-5.45027	-54.0529	>>-3.6272	-55.6442
-3.6272	-55.6442	>>-1.43251	-56.4406
-1.43251	-56.4406	>>-3.3487	-58.2224
-3.3487	-58.2224	>>-2.75636	-53.5354
-2.75636	-53.5354	>>-2.7679	-47.7148
-2.7679	-47.7148	>>-2.87683	-53.1726
-2.87683	-53.1726	>>-4.67515	-55.4116
-4.67515	-55.4116	>>-6.02904	-53.2485
-6.02904	-53.2485	>>-6.08693	-52.1133
-6.08693	-52.1133	>>-8.79123	-52.7948
-8.79123	-52.7948	>>-8.41297	-58.1203
-8.41297	-58.1203	>>-5.78721	-58.5189
-5.78721	-58.5189	>>-5.93569	-52.5045
-5.93569	-52.5045	>>-6.09712	-50.0361
-6.09712	-50.0361	>>-7.24947	-53.3625
-7.24947	-53.3625	>>-7.14169	-51.9916
-7.14169	-51.9916	>>-6.92422	-56.8015
-6.92422	-56.8015	>>-5.26821	-59.201
-5.26821	-59.201	>>-5.11792	-54.3447
-5.11792	-54.3447	>>-2.90609	-52.5231
-2.90609	-52.5231	>>-3.63803	-49.1202
-3.63803	-49.1202	>>-1.53562	-48.5296
-1.53562	-48.5296	>>-0.416886	-47.2019
-0.416886	-47.2019	>>1.10316	-44.7434
1.10316	-44.7434	>>0.90143	-48.4937
0.90143	-48.4937	>>1.1079	-52.1014
1.1079	-52.1014	>>-1.17163	-50.7178
-1.17163	-50.7178	>>-1.79068	-45.78
-1.79068	-45.78	>>-1.53366	-51.5569
-1.53366	-51.5569	>>0.491139	-50.5092
0.491139	-50.5092	>>0.852546	-50.1603
0.852546	-50.1603	>>-0.921681	-48.2935
-0.921681	-48.2935	>>0.492103	-50.9194
0.492103	-50.9194	>>-2.17192	-50.7714
-2.17192	-50.7714	>>-1.75542	-45.3513
-1.75542	-45.3513	>>-1.74741	-47.5647
-1.74741	-47.5647	>>-1.63867	-42.9741
-1.63867	-42.9741	>>-2.30875	-38.5277
-2.30875	-38.5277	>>-1.95348	-44.1458
-1.95348	-44.1458	>>-4.83073	-44.5016
-4.83073	-44.5016	>>-4.8587	-39.0192
-4.8587	-39.0192	>>-5.31295	-34.2263
-5.31295	-34.2263	>>-4.98446	-28.8061
-4.98446	-28.8061	>>-2.96558	-29.2962
-2.96558	-29.2962	>>-1.2939	-30.4667
-1.2939	-30.4667	>>-1.60276	-35.8223
-1.60276	-35.8223	>>-3.62609	-38.3293
-3.62609	-38.3293	>>-5.53557	-40.9897
-5.53557	-40.9897	>>-5.93386	-39.6241
-5.93386	-39.6241	>>-8.76623	-39.4346
-8.76623	-39.4346	>>-8.60408	-35.4767
-8.60408	-35.4767	>>-9.34145	-31.897
-9.34145	-31.897	>>-10.9032	-33.0165
-10.9032	-33.0165	>>-11.4211	-29.4656
-11.4211	-29.4656	>>-12.5572	-32.0951
-12.5572	-32.0951	>>-9.7903	-31.1588
-9.7903	-31.1588	>>-10.4198	-33.3119
-10.4198	-33.3119	>>-12.3161	-31.023
-12.3161	-31.023	>>-11.9811	-36.6221
-11.9811	-36.6221	>>-15.0848	-36.5485
-15.0848	-36.5485	>>-16.6624	-39.2709
-16.6624	-39.2709	>>-17.1103	-44.516
-17.1103	-44.516	>>-17.606	-48.4886
-17.606	-48.4886	>>-17.9661	-44.6922
-17.9661	-44.6922	>>-19.9893	-45.6274
-19.9893	-45.6274	>>-23.1139	-45.6135
-23.1139	-45.6135	>>-25.5229	-46.4607
-25.5229	-46.4607	>>-27.002	-45.6981
-27.002	-45.6981	>>-28.9095	-45.6388
-28.9095	-45.6388	>>-31.4627	-46.0109
-31.4627	-46.0109	>>-31.0487	-47.4664
-31.0487	-47.4664	>>-29.8081	-49.1381
-29.8081	-49.1381	>>-30.8226	-49.7356
-30.8226	-49.7356	>>-31.0565	-55.2037
-31.0565	-55.2037	>>-32.6926	-53.4581
-32.6926	-53.4581	>>-33.295	-48.5736
-33.295	-48.5736	>>-32.6709	-52.4979
-32.6709	-52.4979	>>-32.7138	-47.001
-32.7138	-47.001	>>-32.7041	-40.8926
-32.7041	-40.8926	>>-33.6681	-39.9411
-33.6681	-39.9411	>>-34.7689	-36.1475
-34.7689	-36.1475	>>-35.0322	-37.505
-35.0322	-37.505	>>-35.2261	-38.7665
-35.2261	-38.7665	>>-35.1094	-32.6239
-35.1094	-32.6239	>>-37.5982	-32.9304
-37.5982	-32.9304	>>-39.606	-30.7798
-39.606	-30.7798	>>-40.5297	-34.4735
-40.5297	-34.4735	>>-41.5426	-33.4001
-41.5426	-33.4001	>>-44.4451	-32.985
-44.4451	-32.985	>>-44.9917	-35.0401
-44.9917	-35.0401	>>-46.5021	-34.7455
-46.5021	-34.7455	>>-46.3252	-34.8291
-46.3252	-34.8291	>>-47.4495	-31.4926
-47.4495	-31.4926	>>-47.7239	-33.4291
-47.7239	-33.4291	>>-48.1978	-29.8445
-48.1978	-29.8445	>>-47.1726	-27.2804
-47.1726	-27.2804	>>-46.5925	-22.011
-46.5925	-22.011	>>-46.2249	-18.5744
-46.2249	-18.5744	>>-46.7004	-22.5614
-46.7004	-22.5614	>>-45.9642	-18.0229
-45.9642	-18.0229	>>-46.8273	-16.6579
-46.8273	-16.6579	>>-48.0882	-18.567
-48.0882	-18.567	>>-50.1187	-20.9175
-50.1187	-20.9175	>>-48.0759	-22.8514
-48.0759	-22.8514	>>-45.366	-21.8364
-45.366	-21.8364	>>-47.1495	-19.3937
-47.1495	-19.3937	>>-45.2707	-20.2649
-45.2707	-20.2649	>>-45.3282	-14.0871
-45.3282	-14.0871	>>-44.0892	-16.9315
-44.0892	-16.9315	>>-42.0329	-18.9435
-42.0329	-18.9435	>>-40.0174	-19.8658
-40.0174	-19.8658	>>-36.9073	-19.7443
-36.9073	-19.7443	>>-37.0924	-23.1682
-37.0924	-23.1682	>>-39.3855	-21.5765
-39.3855	-21.5765	>>-37.502	-24.1516
-37.502	-24.1516	>>-34.5361	-24.1729
-34.5361	-24.1729	>>-31.996	-24.897
-31.996	-24.897	>>-28.979	-24.8634
-28.979	-24.8634	>>-25.9127	-25.0348
-25.9127	-25.0348	>>-27.0265	-21.9883
-27.0265	-21.9883	>>-26.5703	-23.0058
-26.5703	-23.0058	>>-26.3605	-20.3227
-26.3605	-20.3227	>>-27.8897	-17.1379
-27.8897	-17.1379	>>-30.2108	-17.5374
-30.2108	-17.5374	>>-30.6008	-23.1298
-30.6008	-23.1298	>>-28.0166	-23.1184
-28.0166	-23.1184	>>-31.1385	-23.2137
-31.1385	-23.2137	>>-32.0644	-19.0472
-32.0644	-19.0472	>>-33.6997	-21.1793
-33.6997	-21.1793	>>-32.8692	-24.6436
-32.8692	-24.6436	>>-34.8788	-25.4227
-34.8788	-25.4227	>>-33.0594	-23.2075
-33.0594	-23.2075	>>-34.566	-21.3153
-34.566	-21.3153	>>-36.6974	-23.1513
-36.6974	-23.1513	>>-35.6462	-24.7204
-35.6462	-24.7204	>>-34.9256	-29.247
-34.9256	-29.247	>>-35.0295	-32.0636
-35.0295	-32.0636	>>-37.2526	-32.9217
-37.2526	-32.9217	>>-37.2129	-36.0629
-37.2129	-36.0629	>>-37.7967	-40.6239
-37.7967	-40.6239	>>-38.6109	-40.1662
-38.6109	-40.1662	>>-36.4638	-41.9346
-36.4638	-41.9346	>>-38.6868	-42.8326
-38.6868	-42.8326	>>-39.8107	-46.0797
-39.8107	-46.0797	>>-40.717	-42.6342
-40.717	-42.6342	>>-39.9791	-42.9592
-39.9791	-42.9592	>>-38.4602	-42.2706
-38.4602	-42.2706	>>-39.2327	-40.7461
-39.2327	-40.7461	>>-39.2543	-34.5445
-39.2543	-34.5445	>>-39.2613	-40.0631
-39.2613	-40.0631	>>-39.1722	-44.7294
-39.1722	-44.7294	>>-39.5712	-39.4699
-39.5712	-39.4699	>>-40.6334	-37.0155
-40.6334	-37.0155	>>-40.2134	-32.3893
-40.2134	-32.3893	>>-39.4152	-33.0997
-39.4152	-33.0997	>>-36.8951	-34.2869
-36.8951	-34.2869	>>-35.8133	-37.8272
-35.8133	-37.8272	>>-34.8847	-41.39
-34.8847	-41.39	>>-32.6398	-40.8688
-32.6398	-40.8688	>>-34.7136	-41.547
-34.7136	-41.547	>>-34.2646	-36.2627
-34.2646	-36.2627	>>-34.2947	-30.0404
-34.2947	-30.0404	>>-33.9172	-35.485
1000-th E = 5.45766
Maximum Founded: 0.0929591
