0.3	0.1	>>-0.711923	1.58511
-0.711923	1.58511	>>-1.44842	4.17488
-1.44842	4.17488	>>-3.83329	5.44707
-3.83329	5.44707	>>-4.74885	9.92892
-4.74885	9.92892	>>-4.65423	14.1647
-4.65423	14.1647	>>-6.28592	11.4056
-6.28592	11.4056	>>-5.72376	8.75991
-5.72376	8.75991	>>-5.64767	2.67427
-5.64767	2.67427	>>-7.24497	-0.493333
-7.24497	-0.493333	>>-7.22842	-6.70192
-7.22842	-6.70192	>>-7.52514	-1.81416
-7.52514	-1.81416	>>-9.77402	-2.54116
-9.77402	-2.54116	>>-9.95913	3.0367
-9.95913	3.0367	>>-8.61912	4.4176
-8.61912	4.4176	>>-6.58275	6.82399
-6.58275	6.82399	>>-4.35977	5.11887
-4.35977	5.11887	>>-6.27571	5.04993
-6.27571	5.04993	>>-6.5149	0.271005
-6.5149	0.271005	>>-5.69695	-0.284923
-5.69695	-0.284923	>>-6.17305	-5.8038
-6.17305	-5.8038	>>-5.20504	-1.25747
-5.20504	-1.25747	>>-5.11416	4.76979
-5.11416	4.76979	>>-5.71244	8.69872
-5.71244	8.69872	>>-6.211	3.59719
-6.211	3.59719	>>-5.40551	1.87474
-5.40551	1.87474	>>-2.85839	1.66582
-2.85839	1.66582	>>-1.20291	-0.99043
-1.20291	-0.99043	>>-1.08175	-6.89621
-1.08175	-6.89621	>>1.60282	-7.52047
1.60282	-7.52047	>>2.22528	-11.2295
2.22528	-11.2295	>>2.12633	-17.117
2.12633	-17.117	>>0.00618339	-16.3875
0.00618339	-16.3875	>>3.10092	-16.3645
3.10092	-16.3645	>>5.55036	-17.0825
5.55036	-17.0825	>>8.09174	-18.1812
8.09174	-18.1812	>>6.12956	-20.2336
6.12956	-20.2336	>>5.7032	-24.6349
5.7032	-24.6349	>>6.51244	-24.2627
6.51244	-24.2627	>>6.01611	-23.7749
6.01611	-23.7749	>>6.975	-24.3896
6.975	-24.3896	>>10.0394	-24.5072
10.0394	-24.5072	>>9.76572	-22.9695
9.76572	-22.9695	>>9.91847	-28.6047
9.91847	-28.6047	>>7.22354	-29.5664
7.22354	-29.5664	>>6.91082	-25.1249
6.91082	-25.1249	>>4.19891	-25.3373
4.19891	-25.3373	>>4.99688	-28.386
4.99688	-28.386	>>8.1081	-28.3952
8.1081	-28.3952	>>10.413	-27.6481
10.413	-27.6481	>>13.0318	-28.3834
13.0318	-28.3834	>>16.0724	-28.3306
16.0724	-28.3306	>>18.4286	-29.9352
18.4286	-29.9352	>>16.3397	-28.1943
16.3397	-28.1943	>>17.4745	-32.0304
17.4745	-32.0304	>>18.6374	-31.0806
18.6374	-31.0806	>>20.3047	-33.8573
20.3047	-33.8573	>>19.1816	-35.5231
19.1816	-35.5231	>>18.8333	-29.9625
18.8333	-29.9625	>>19.5846	-34.6436
19.5846	-34.6436	>>22.1689	-34.1014
22.1689	-34.1014	>>20.787	-32.1754
20.787	-32.1754	>>20.1275	-28.8731
20.1275	-28.8731	>>22.2408	-29.2644
22.2408	-29.2644	>>22.2557	-35.4897
22.2557	-35.4897	>>22.2283	-29.3322
22.2283	-29.3322	>>22.511	-32.8517
22.511	-32.8517	>>19.5189	-32.7008
19.5189	-32.7008	>>21.3179	-32.1219
21.3179	-32.1219	>>22.7057	-31.5431
22.7057	-31.5431	>>23.1016	-36.9014
23.1016	-36.9014	>>25.4301	-35.9067
25.4301	-35.9067	>>22.7728	-35.0267
22.7728	-35.0267	>>22.5933	-41.0115
22.5933	-41.0115	>>22.9622	-44.4736
22.9622	-44.4736	>>23.9639	-45.8369
23.9639	-45.8369	>>26.6984	-45.1086
26.6984	-45.1086	>>27.5865	-46.6899
27.5865	-46.6899	>>29.3943	-44.4722
29.3943	-44.4722	>>28.526	-40.9281
28.526	-40.9281	>>26.1056	-41.5076
26.1056	-41.5076	>>25.8746	-37.6429
25.8746	-37.6429	>>23.6478	-36.926
23.6478	-36.926	>>22.2047	-39.6745
22.2047	-39.6745	>>21.5653	-42.8721
21.5653	-42.8721	>>18.7279	-42.622
18.7279	-42.622	>>19.0653	-43.2482
19.0653	-43.2482	>>19.0021	-45.7429
19.0021	-45.7429	>>18.7226	-45.824
18.7226	-45.824	>>18.369	-41.824
18.369	-41.824	>>16.6	-44.8028
16.6	-44.8028	>>15.0703	-41.7602
15.0703	-41.7602	>>15.4276	-44.4391
15.4276	-44.4391	>>13.443	-42.5736
13.443	-42.5736	>>15.8187	-41.1418
15.8187	-41.1418	>>14.4462	-40.3024
14.4462	-40.3024	>>12.6148	-42.0277
12.6148	-42.0277	>>13.3963	-46.007
13.3963	-46.007	>>13.6191	-42.2006
13.6191	-42.2006	>>14.9182	-38.8888
14.9182	-38.8888	>>17.6587	-39.2299
17.6587	-39.2299	>>18.0643	-34.2178
18.0643	-34.2178	>>16.9444	-36.4221
16.9444	-36.4221	>>19.4204	-37.5067
19.4204	-37.5067	>>19.6558	-34.4958
19.6558	-34.4958	>>19.5675	-39.6716
19.5675	-39.6716	>>21.9184	-38.3814
21.9184	-38.3814	>>24.6932	-38.4369
24.6932	-38.4369	>>23.978	-42.2924
23.978	-42.2924	>>25.5638	-41.5216
25.5638	-41.5216	>>26.3265	-43.92
26.3265	-43.92	>>25.026	-41.2406
25.026	-41.2406	>>24.6636	-42.2467
24.6636	-42.2467	>>24.7275	-36.9006
24.7275	-36.9006	>>24.4005	-38.488
24.4005	-38.488	>>24.0078	-34.8964
24.0078	-34.8964	>>27.0264	-34.8338
27.0264	-34.8338	>>29.7023	-35.4024
29.7023	-35.4024	>>28.9192	-37.0714
28.9192	-37.0714	>>26.7388	-39.1239
26.7388	-39.1239	>>26.8613	-39.6007
26.8613	-39.6007	>>24.862	-41.3308
24.862	-41.3308	>>26.6523	-38.5572
26.6523	-38.5572	>>27.7901	-42.6237
27.7901	-42.6237	>>26.9125	-43.1055
26.9125	-43.1055	>>24.2657	-44.0999
24.2657	-44.0999	>>24.6526	-41.7907
24.6526	-41.7907	>>23.8104	-37.1589
23.8104	-37.1589	>>22.6682	-35.0871
22.6682	-35.0871	>>23.9638	-37.8918
23.9638	-37.8918	>>26.9766	-38.1003
26.9766	-38.1003	>>24.0054	-38.4354
24.0054	-38.4354	>>26.2794	-38.2993
26.2794	-38.2993	>>25.8885	-43.5374
25.8885	-43.5374	>>24.7724	-47.2535
24.7724	-47.2535	>>24.7963	-41.0387
24.7963	-41.0387	>>24.3316	-46.5228
24.3316	-46.5228	>>24.7903	-41.1879
24.7903	-41.1879	>>24.1696	-37.1454
24.1696	-37.1454	>>22.7829	-38.2002
22.7829	-38.2002	>>22.3487	-33.4575
22.3487	-33.4575	>>21.38	-29.2301
21.38	-29.2301	>>21.9643	-33.3186
21.9643	-33.3186	>>24.3044	-32.3439
24.3044	-32.3439	>>23.2461	-34.937
23.2461	-34.937	>>23.2309	-30.8177
23.2309	-30.8177	>>23.4399	-35.2158
23.4399	-35.2158	>>24.6704	-37.2555
24.6704	-37.2555	>>24.5719	-31.7474
24.5719	-31.7474	>>24.6647	-29.0189
24.6647	-29.0189	>>25.0219	-34.3358
25.0219	-34.3358	>>27.7502	-34.7905
27.7502	-34.7905	>>27.8005	-29.1254
27.8005	-29.1254	>>26.727	-29.4719
26.727	-29.4719	>>26.604	-35.1547
26.604	-35.1547	>>28.87	-33.9903
28.87	-33.9903	>>29.1396	-38.4885
29.1396	-38.4885	>>29.4188	-33.7648
29.4188	-33.7648	>>28.9052	-36.8084
28.9052	-36.8084	>>30.6832	-34.0503
30.6832	-34.0503	>>31.3862	-38.8783
31.3862	-38.8783	>>28.9534	-38.968
28.9534	-38.968	>>30.1413	-40.5892
30.1413	-40.5892	>>28.4262	-38.2008
28.4262	-38.2008	>>30.0786	-40.3829
30.0786	-40.3829	>>32.7833	-40.276
32.7833	-40.276	>>33.0233	-34.3474
33.0233	-34.3474	>>35.9308	-34.7113
35.9308	-34.7113	>>34.5821	-32.4541
34.5821	-32.4541	>>33.1207	-34.9398
33.1207	-34.9398	>>34.6381	-31.9919
34.6381	-31.9919	>>34.44	-36.7172
34.44	-36.7172	>>35.6223	-38.7739
35.6223	-38.7739	>>34.975	-34.5332
34.975	-34.5332	>>33.7133	-35.4545
33.7133	-35.4545	>>33.3772	-40.3776
33.3772	-40.3776	>>31.0601	-40.5106
31.0601	-40.5106	>>30.6783	-38.201
30.6783	-38.201	>>31.4171	-33.8035
31.4171	-33.8035	>>29.6917	-36.3664
29.6917	-36.3664	>>28.665	-35.3695
28.665	-35.3695	>>27.1552	-34.6571
27.1552	-34.6571	>>25.6091	-36.3896
25.6091	-36.3896	>>23.2814	-36.8665
23.2814	-36.8665	>>22.5739	-37.9064
22.5739	-37.9064	>>20.0231	-38.8214
20.0231	-38.8214	>>22.4398	-39.4317
22.4398	-39.4317	>>20.2048	-38.0297
20.2048	-38.0297	>>19.9186	-32.2907
19.9186	-32.2907	>>21.2817	-29.5225
21.2817	-29.5225	>>21.4816	-23.5149
21.4816	-23.5149	>>22.0645	-22.7965
22.0645	-22.7965	>>23.6354	-24.9432
23.6354	-24.9432	>>22.3281	-28.3094
22.3281	-28.3094	>>21.2641	-32.6024
21.2641	-32.6024	>>21.6243	-30.4727
21.6243	-30.4727	>>20.8972	-34.5341
20.8972	-34.5341	>>19.8322	-38.0629
19.8322	-38.0629	>>18.6699	-42.1408
18.6699	-42.1408	>>20.07	-41.3983
20.07	-41.3983	>>22.7495	-40.7891
22.7495	-40.7891	>>22.7917	-35.0784
22.7917	-35.0784	>>22.0341	-38.7407
22.0341	-38.7407	>>21.6781	-40.0541
21.6781	-40.0541	>>22.4836	-44.662
22.4836	-44.662	>>25.2835	-44.9147
25.2835	-44.9147	>>24.6235	-42.3218
24.6235	-42.3218	>>22.9186	-39.3863
22.9186	-39.3863	>>25.6765	-39.6282
25.6765	-39.6282	>>26.9865	-39.7566
26.9865	-39.7566	>>27.2455	-39.224
27.2455	-39.224	>>27.2489	-45.0286
27.2489	-45.0286	>>27.276	-39.0251
27.276	-39.0251	>>27.4646	-33.0276
27.4646	-33.0276	>>28.5127	-31.6986
28.5127	-31.6986	>>30.3912	-31.3193
30.3912	-31.3193	>>28.4808	-34.0577
28.4808	-34.0577	>>30.5556	-33.4628
30.5556	-33.4628	>>29.2416	-35.3165
29.2416	-35.3165	>>29.2914	-39.8031
29.2914	-39.8031	>>28.7324	-44.7952
28.7324	-44.7952	>>28.5982	-39.3363
28.5982	-39.3363	>>26.385	-37.4396
26.385	-37.4396	>>24.7186	-34.6137
24.7186	-34.6137	>>25.2316	-35.8675
25.2316	-35.8675	>>25.4947	-36.845
25.4947	-36.845	>>22.5745	-36.9345
22.5745	-36.9345	>>20.5529	-38.7264
20.5529	-38.7264	>>21.4124	-36.811
21.4124	-36.811	>>19.5216	-39.316
19.5216	-39.316	>>17.238	-38.7035
17.238	-38.7035	>>17.1614	-43.6955
17.1614	-43.6955	>>16.1649	-47.6035
16.1649	-47.6035	>>14.7046	-45.8388
14.7046	-45.8388	>>13.9957	-42.8542
13.9957	-42.8542	>>17.0303	-42.8007
17.0303	-42.8007	>>18.8527	-43.799
18.8527	-43.799	>>19.9895	-39.532
19.9895	-39.532	>>18.7596	-39.9208
18.7596	-39.9208	>>19.0014	-42.9937
19.0014	-42.9937	>>19.2508	-42.9382
19.2508	-42.9382	>>19.1704	-38.7456
19.1704	-38.7456	>>19.0926	-44.217
19.0926	-44.217	>>18.0569	-47.2804
18.0569	-47.2804	>>19.1404	-49.3673
19.1404	-49.3673	>>21.0499	-50.1404
21.0499	-50.1404	>>18.1489	-50.3935
18.1489	-50.3935	>>19.8836	-49.5381
19.8836	-49.5381	>>18.7772	-53.3736
18.7772	-53.3736	>>19.4088	-52.8767
19.4088	-52.8767	>>16.7181	-53.0182
16.7181	-53.0182	>>16.838	-59.086
16.838	-59.086	>>15.3101	-61.8951
15.3101	-61.8951	>>14.1009	-60.7928
14.1009	-60.7928	>>15.3661	-64.1008
15.3661	-64.1008	>>17.4325	-62.4221
17.4325	-62.4221	>>15.0233	-61.1197
15.0233	-61.1197	>>11.9387	-61.0011
11.9387	-61.0011	>>11.8971	-63.3578
11.8971	-63.3578	>>14.4019	-62.3133
14.4019	-62.3133	>>12.5326	-65.0128
12.5326	-65.0128	>>13.0218	-66.2839
13.0218	-66.2839	>>14.3009	-67.0873
14.3009	-67.0873	>>15.2619	-64.0386
15.2619	-64.0386	>>15.4169	-58.3237
15.4169	-58.3237	>>13.2029	-60.3592
13.2029	-60.3592	>>14.0086	-61.9082
14.0086	-61.9082	>>16.8696	-61.79
16.8696	-61.79	>>17.9353	-57.6368
17.9353	-57.6368	>>15.0445	-57.4254
15.0445	-57.4254	>>17.4563	-56.4912
17.4563	-56.4912	>>17.1182	-54.813
17.1182	-54.813	>>18.7157	-57.9811
18.7157	-57.9811	>>18.5803	-63.8394
18.5803	-63.8394	>>16.1456	-62.3569
16.1456	-62.3569	>>17.9346	-63.7816
17.9346	-63.7816	>>19.0623	-61.4127
19.0623	-61.4127	>>21.612	-60.4569
21.612	-60.4569	>>20.4102	-63.7983
20.4102	-63.7983	>>18.8685	-66.6711
18.8685	-66.6711	>>17.0266	-64.3931
17.0266	-64.3931	>>20.0269	-64.2221
20.0269	-64.2221	>>18.9693	-65.1882
18.9693	-65.1882	>>16.7974	-64.3841
16.7974	-64.3841	>>17.8057	-64.6959
17.8057	-64.6959	>>17.0702	-60.3523
17.0702	-60.3523	>>19.7538	-61.2675
19.7538	-61.2675	>>19.7913	-55.0678
19.7913	-55.0678	>>19.1128	-59.3405
19.1128	-59.3405	>>21.2174	-61.2883
21.2174	-61.2883	>>21.4686	-66.904
21.4686	-66.904	>>18.5739	-66.5382
18.5739	-66.5382	>>19.8493	-69.1092
19.8493	-69.1092	>>17.973	-70.4302
17.973	-70.4302	>>20.3662	-71.0562
20.3662	-71.0562	>>21.772	-67.3109
21.772	-67.3109	>>22.1391	-62.5618
22.1391	-62.5618	>>20.7808	-58.9207
20.7808	-58.9207	>>21.3694	-61.9339
21.3694	-61.9339	>>19.7362	-59.0541
19.7362	-59.0541	>>19.8449	-64.154
19.8449	-64.154	>>18.1209	-62.6093
18.1209	-62.6093	>>15.9552	-61.4963
15.9552	-61.4963	>>16.0974	-63.2315
16.0974	-63.2315	>>15.519	-66.682
15.519	-66.682	>>17.8627	-66.2283
17.8627	-66.2283	>>17.2924	-61.7243
17.2924	-61.7243	>>17.5855	-67.3343
17.5855	-67.3343	>>15.2779	-65.5871
15.2779	-65.5871	>>15.8511	-62.4133
15.8511	-62.4133	>>17.5719	-64.4677
17.5719	-64.4677	>>16.4721	-66.914
16.4721	-66.914	>>13.73	-66.4592
13.73	-66.4592	>>13.5849	-71.6859
13.5849	-71.6859	>>15.4992	-69.6231
15.4992	-69.6231	>>18.6383	-69.6202
18.6383	-69.6202	>>20.5863	-70.2093
20.5863	-70.2093	>>21.8769	-67.4884
21.8769	-67.4884	>>22.2135	-71.7807
22.2135	-71.7807	>>22.4453	-77.5821
22.4453	-77.5821	>>25.0109	-76.3845
25.0109	-76.3845	>>28.1144	-76.3605
28.1144	-76.3605	>>30.3743	-77.3633
30.3743	-77.3633	>>28.1185	-78.2943
28.1185	-78.2943	>>29.3037	-82.041
29.3037	-82.041	>>29.8619	-76.711
29.8619	-76.711	>>28.8697	-72.636
28.8697	-72.636	>>26.6745	-72.2896
26.6745	-72.2896	>>26.0326	-67.221
26.0326	-67.221	>>24.9439	-68.3825
24.9439	-68.3825	>>27.9111	-68.4511
27.9111	-68.4511	>>29.4771	-71.045
29.4771	-71.045	>>31.1475	-70.2547
31.1475	-70.2547	>>31.2546	-75.2762
31.2546	-75.2762	>>31.1932	-81.3331
31.1932	-81.3331	>>32.0611	-84.604
32.0611	-84.604	>>29.2868	-83.8491
29.2868	-83.8491	>>28.5143	-86.163
28.5143	-86.163	>>31.2831	-85.9353
31.2831	-85.9353	>>30.7413	-82.0039
30.7413	-82.0039	>>30.7448	-88.2741
30.7448	-88.2741	>>30.7438	-82.1771
30.7438	-82.1771	>>30.7629	-78.6779
30.7629	-78.6779	>>30.4856	-75.1329
30.4856	-75.1329	>>33.6058	-75.1536
33.6058	-75.1536	>>35.8616	-74.0206
35.8616	-74.0206	>>35.3251	-78.7279
35.3251	-78.7279	>>35.7412	-83.9996
35.7412	-83.9996	>>35.7407	-90.2555
35.7407	-90.2555	>>35.7349	-83.9859
35.7349	-83.9859	>>35.6998	-90.0586
35.6998	-90.0586	>>36.29	-94.7284
36.29	-94.7284	>>36.5247	-100.475
36.5247	-100.475	>>35.581	-101.38
35.581	-101.38	>>32.8917	-101.36
32.8917	-101.36	>>35.3481	-100.366
35.3481	-100.366	>>33.4657	-101.289
33.4657	-101.289	>>32.0267	-102.513
32.0267	-102.513	>>31.509	-101.472
31.509	-101.472	>>30.4144	-101.797
30.4144	-101.797	>>28.8944	-104.583
28.8944	-104.583	>>26.7098	-106.749
26.7098	-106.749	>>26.7221	-100.687
26.7221	-100.687	>>27.0421	-96.6176
27.0421	-96.6176	>>24.0507	-96.3622
24.0507	-96.3622	>>26.9631	-96.7994
26.9631	-96.7994	>>28.7529	-95.574
28.7529	-95.574	>>28.6277	-99.6358
28.6277	-99.6358	>>30.7191	-99.3088
30.7191	-99.3088	>>30.376	-94.5014
30.376	-94.5014	>>30.416	-90.0921
30.416	-90.0921	>>32.9453	-88.6417
32.9453	-88.6417	>>30.0219	-88.3329
30.0219	-88.3329	>>32.6953	-88.8123
32.6953	-88.8123	>>32.0156	-84.3646
32.0156	-84.3646	>>35.1033	-84.4829
35.1033	-84.4829	>>35.6254	-80.8318
35.6254	-80.8318	>>33.7886	-78.2992
33.7886	-78.2992	>>34.2803	-73.1172
34.2803	-73.1172	>>34.9676	-72.1314
34.9676	-72.1314	>>31.8835	-72.1088
31.8835	-72.1088	>>29.5325	-73.217
29.5325	-73.217	>>30.762	-72.0874
30.762	-72.0874	>>30.464	-75.281
30.464	-75.281	>>29.2948	-76.6168
29.2948	-76.6168	>>30.2568	-75.6221
30.2568	-75.6221	>>30.4883	-75.0008
30.4883	-75.0008	>>30.5181	-74.541
30.5181	-74.541	>>32.0478	-75.182
32.0478	-75.182	>>29.8071	-76.3097
29.8071	-76.3097	>>30.6212	-71.7624
30.6212	-71.7624	>>30.2808	-67.4471
30.2808	-67.4471	>>29.8485	-62.8437
29.8485	-62.8437	>>31.6044	-60.5909
31.6044	-60.5909	>>33.8132	-62.3966
33.8132	-62.3966	>>35.0707	-63.5957
35.0707	-63.5957	>>32.4665	-62.4668
32.4665	-62.4668	>>31.214	-61.3032
31.214	-61.3032	>>31.5907	-66.335
31.5907	-66.335	>>29.3218	-64.5171
29.3218	-64.5171	>>29.6333	-58.931
29.6333	-58.931	>>28.0855	-61.7166
28.0855	-61.7166	>>27.0059	-64.5625
27.0059	-64.5625	>>24.791	-64.3879
24.791	-64.3879	>>25.6742	-64.9912
25.6742	-64.9912	>>25.5246	-70.4886
25.5246	-70.4886	>>25.0816	-71.4344
25.0816	-71.4344	>>27.0556	-69.49
27.0556	-69.49	>>27.4228	-67.3772
27.4228	-67.3772	>>24.6004	-67.4811
24.6004	-67.4811	>>24.0177	-71.0181
24.0177	-71.0181	>>23.3176	-70.3303
23.3176	-70.3303	>>22.1469	-73.6751
22.1469	-73.6751	>>20.679	-76.3631
20.679	-76.3631	>>19.4272	-75.1671
19.4272	-75.1671	>>21.8965	-76.414
21.8965	-76.414	>>24.1547	-77.9874
24.1547	-77.9874	>>24.421	-72.9265
24.421	-72.9265	>>22.1799	-71.2782
22.1799	-71.2782	>>22.6131	-76.7199
22.6131	-76.7199	>>23.4674	-73.0156
23.4674	-73.0156	>>24.0699	-71.7498
24.0699	-71.7498	>>24.0613	-74.4134
24.0613	-74.4134	>>26.6069	-73.4537
26.6069	-73.4537	>>25.2898	-76.5777
25.2898	-76.5777	>>26.0133	-72.8611
26.0133	-72.8611	>>29.0864	-72.9844
29.0864	-72.9844	>>29.5992	-69.8491
29.5992	-69.8491	>>27.2382	-68.462
27.2382	-68.462	>>27.2997	-63.0933
27.2997	-63.0933	>>28.2747	-60.4347
28.2747	-60.4347	>>27.8478	-56.5011
27.8478	-56.5011	>>27.823	-61.6246
27.823	-61.6246	>>26.3451	-62.0059
26.3451	-62.0059	>>26.4814	-56.8159
26.4814	-56.8159	>>24.1761	-57.3428
24.1761	-57.3428	>>25.3873	-59.8728
25.3873	-59.8728	>>22.9396	-60.241
22.9396	-60.241	>>22.6041	-57.953
22.6041	-57.953	>>21.2506	-60.9868
21.2506	-60.9868	>>21.2325	-54.8717
21.2325	-54.8717	>>21.4784	-55.5195
21.4784	-55.5195	>>22.2371	-54.6854
22.2371	-54.6854	>>22.124	-58.6981
22.124	-58.6981	>>20.8104	-62.0291
20.8104	-62.0291	>>20.3627	-67.5966
20.3627	-67.5966	>>22.3463	-65.6505
22.3463	-65.6505	>>24.1174	-66.9681
24.1174	-66.9681	>>24.9987	-63.1908
24.9987	-63.1908	>>22.872	-63.1552
22.872	-63.1552	>>20.7836	-61.7463
20.7836	-61.7463	>>20.7485	-55.6445
20.7485	-55.6445	>>20.6817	-54.5065
20.6817	-54.5065	>>20.7815	-60.2146
20.7815	-60.2146	>>20.4741	-54.8349
20.4741	-54.8349	>>17.7482	-55.3809
17.7482	-55.3809	>>17.8111	-55.4527
17.8111	-55.4527	>>18.5207	-60.0604
18.5207	-60.0604	>>20.6551	-60.6851
20.6551	-60.6851	>>21.8798	-57.3704
21.8798	-57.3704	>>24.2299	-56.8524
24.2299	-56.8524	>>24.5162	-58.9698
24.5162	-58.9698	>>23.3611	-59.5464
23.3611	-59.5464	>>24.5135	-55.373
24.5135	-55.373	>>21.3944	-55.3264
21.3944	-55.3264	>>19.3193	-57.7403
19.3193	-57.7403	>>19.4914	-63.3361
19.4914	-63.3361	>>16.7187	-63.5134
16.7187	-63.5134	>>16.8053	-69.6363
16.8053	-69.6363	>>15.6556	-69.1733
15.6556	-69.1733	>>17.0305	-66.4807
17.0305	-66.4807	>>17.7659	-65.3385
17.7659	-65.3385	>>18.1353	-62.2218
18.1353	-62.2218	>>17.4419	-66.5338
17.4419	-66.5338	>>18.6642	-64.4375
18.6642	-64.4375	>>17.5848	-68.0016
17.5848	-68.0016	>>17.6367	-71.1875
17.6367	-71.1875	>>19.0342	-68.0433
19.0342	-68.0433	>>17.4569	-66.8554
17.4569	-66.8554	>>14.4974	-67.3667
14.4974	-67.3667	>>11.3739	-67.3838
11.3739	-67.3838	>>9.11307	-67.1697
9.11307	-67.1697	>>7.15279	-69.1283
7.15279	-69.1283	>>5.43449	-69.0146
5.43449	-69.0146	>>5.96705	-66.5202
5.96705	-66.5202	>>5.19108	-67.7879
5.19108	-67.7879	>>5.67013	-73.1485
5.67013	-73.1485	>>7.03228	-71.8807
7.03228	-71.8807	>>10.08	-71.8705
10.08	-71.8705	>>12.7795	-72.2306
12.7795	-72.2306	>>12.6166	-66.3454
12.6166	-66.3454	>>10.5028	-64.5776
10.5028	-64.5776	>>13.1004	-64.6461
13.1004	-64.6461	>>10.7094	-65.3881
10.7094	-65.3881	>>10.0221	-66.0068
10.0221	-66.0068	>>9.75766	-65.1366
9.75766	-65.1366	>>9.51079	-64.616
9.51079	-64.616	>>12.6163	-64.6907
12.6163	-64.6907	>>14.1574	-61.7954
14.1574	-61.7954	>>15.0454	-66.3774
15.0454	-66.3774	>>18.029	-66.4344
18.029	-66.4344	>>20.2825	-65.716
20.2825	-65.716	>>20.5858	-71.1433
20.5858	-71.1433	>>23.1603	-70.6079
23.1603	-70.6079	>>21.6025	-69.1527
21.6025	-69.1527	>>23.907	-68.0921
23.907	-68.0921	>>21.4589	-69.68
21.4589	-69.68	>>23.8176	-70.6224
23.8176	-70.6224	>>22.4351	-71.1721
22.4351	-71.1721	>>24.8609	-72.4268
24.8609	-72.4268	>>26.5249	-75.0964
26.5249	-75.0964	>>29.4137	-75.4972
29.4137	-75.4972	>>29.3155	-72.2724
29.3155	-72.2724	>>28.9417	-77.892
28.9417	-77.892	>>31.841	-78.2286
31.841	-78.2286	>>31.3662	-73.2363
31.3662	-73.2363	>>31.7369	-77.7867
31.7369	-77.7867	>>31.6658	-72.0156
31.6658	-72.0156	>>31.9585	-77.3885
31.9585	-77.3885	>>34.9735	-77.5617
34.9735	-77.5617	>>32.7962	-78.3507
32.7962	-78.3507	>>33.743	-76.1803
33.743	-76.1803	>>33.7733	-72.4749
33.7733	-72.4749	>>33.9457	-78.2492
33.9457	-78.2492	>>33.9155	-76.1529
33.9155	-76.1529	>>31.3261	-75.2508
31.3261	-75.2508	>>31.3108	-80.8193
31.3108	-80.8193	>>30.3454	-84.8459
30.3454	-84.8459	>>28.6156	-87.0006
28.6156	-87.0006	>>28.632	-91.166
28.632	-91.166	>>30.4145	-89.1429
30.4145	-89.1429	>>33.0933	-89.6624
33.0933	-89.6624	>>30.8112	-91.0392
30.8112	-91.0392	>>30.2117	-96.3329
30.2117	-96.3329	>>30.7757	-99.7346
30.7757	-99.7346	>>30.6594	-93.7397
30.6594	-93.7397	>>30.8673	-88.5467
30.8673	-88.5467	>>29.6594	-92.5746
29.6594	-92.5746	>>30.956	-95.9674
30.956	-95.9674	>>32.1709	-97.4922
32.1709	-97.4922	>>32.31	-92.0446
32.31	-92.0446	>>32.9728	-86.9122
32.9728	-86.9122	>>35.7499	-87.3328
35.7499	-87.3328	>>35.8323	-83.8212
35.8323	-83.8212	>>37.1094	-80.1423
37.1094	-80.1423	>>34.8012	-80.7528
34.8012	-80.7528	>>34.8396	-74.7969
34.8396	-74.7969	>>35.8166	-70.2042
35.8166	-70.2042	>>35.0721	-65.5989
35.0721	-65.5989	>>32.4413	-64.5507
32.4413	-64.5507	>>34.2046	-62.6508
34.2046	-62.6508	>>33.4561	-64.2056
33.4561	-64.2056	>>35.0694	-65.5972
35.0694	-65.5972	>>32.4353	-64.5343
32.4353	-64.5343	>>33.6565	-62.2187
33.6565	-62.2187	>>34.2924	-57.5287
34.2924	-57.5287	>>34.618	-51.7396
34.618	-51.7396	>>34.9113	-47.5791
34.9113	-47.5791	>>32.6352	-49.5623
32.6352	-49.5623	>>34.0453	-53.1058
34.0453	-53.1058	>>31.1472	-52.577
31.1472	-52.577	>>29.656	-49.4787
29.656	-49.4787	>>29.2153	-54.4115
29.2153	-54.4115	>>29.7384	-52.0514
29.7384	-52.0514	>>29.817	-57.2781
29.817	-57.2781	>>30.2919	-51.7884
30.2919	-51.7884	>>29.8689	-57.3253
29.8689	-57.3253	>>31.6579	-54.402
31.6579	-54.402	>>30.116	-55.8355
30.116	-55.8355	>>32.1183	-58.0524
32.1183	-58.0524	>>30.7457	-54.5349
30.7457	-54.5349	>>30.7399	-60.372
30.7399	-60.372	>>30.639	-59.7436
30.639	-59.7436	>>30.7946	-54.9813
30.7946	-54.9813	>>31.019	-60.7486
31.019	-60.7486	>>30.9622	-61.4939
30.9622	-61.4939	>>31.1991	-62.955
31.1991	-62.955	>>31.678	-58.1336
31.678	-58.1336	>>32.9539	-57.8789
32.9539	-57.8789	>>35.9868	-57.8535
35.9868	-57.8535	>>39.0091	-57.6836
39.0091	-57.6836	>>36.6924	-57.9084
36.6924	-57.9084	>>35.762	-59.9614
35.762	-59.9614	>>35.9182	-65.3036
35.9182	-65.3036	>>37.6532	-62.7736
37.6532	-62.7736	>>37.153	-57.7619
37.153	-57.7619	>>37.4084	-62.8897
37.4084	-62.8897	>>34.767	-62.4753
34.767	-62.4753	>>34.8995	-68.2864
34.8995	-68.2864	>>36.0453	-64.8656
36.0453	-64.8656	>>39.0094	-65.1833
39.0094	-65.1833	>>36.684	-65.4122
36.684	-65.4122	>>35.6358	-67.6748
35.6358	-67.6748	>>37.2489	-65.1499
37.2489	-65.1499	>>37.3222	-66.702
37.3222	-66.702	>>38.1536	-71.1385
38.1536	-71.1385	>>36.4725	-71.6853
36.4725	-71.6853	>>38.7318	-72.3758
38.7318	-72.3758	>>38.4713	-72.0479
38.4713	-72.0479	>>40.2291	-71.0811
40.2291	-71.0811	>>39.9623	-67.4909
39.9623	-67.4909	>>40.3148	-68.9435
40.3148	-68.9435	>>39.4452	-64.8154
39.4452	-64.8154	>>37.2562	-66.3523
37.2562	-66.3523	>>37.0441	-68.4955
37.0441	-68.4955	>>37.2135	-66.7899
37.2135	-66.7899	>>37.5104	-72.3264
37.5104	-72.3264	>>34.9497	-72.0714
34.9497	-72.0714	>>32.5954	-73.3844
32.5954	-73.3844	>>30.0775	-73.5806
30.0775	-73.5806	>>27.7633	-71.8705
27.7633	-71.8705	>>28.1235	-71.1268
28.1235	-71.1268	>>25.9518	-70.9492
25.9518	-70.9492	>>27.757	-72.3797
27.757	-72.3797	>>27.9924	-72.3541
27.9924	-72.3541	>>31.0257	-72.2586
31.0257	-72.2586	>>31.3558	-73.2678
31.3558	-73.2678	>>30.9082	-78.1462
30.9082	-78.1462	>>28.3179	-77.453
28.3179	-77.453	>>27.5437	-72.9158
27.5437	-72.9158	>>24.9327	-73.6551
24.9327	-73.6551	>>22.2344	-72.8557
22.2344	-72.8557	>>22.4373	-74.7373
22.4373	-74.7373	>>22.905	-77.0886
22.905	-77.0886	>>20.5262	-78.8451
20.5262	-78.8451	>>17.6608	-78.4077
17.6608	-78.4077	>>16.2078	-80.2218
16.2078	-80.2218	>>15.9554	-85.7622
15.9554	-85.7622	>>16.4199	-84.0311
16.4199	-84.0311	>>17.4859	-81.162
17.4859	-81.162	>>20.289	-81.3802
20.289	-81.3802	>>19.4332	-81.3631
19.4332	-81.3631	>>16.558	-81.9017
16.558	-81.9017	>>13.8212	-82.5043
13.8212	-82.5043	>>13.7434	-88.1659
13.7434	-88.1659	>>13.7702	-85.4287
13.7702	-85.4287	>>14.1576	-89.0061
14.1576	-89.0061	>>14.032	-83.7553
14.032	-83.7553	>>14.2352	-85.0108
14.2352	-85.0108	>>14.209	-78.7741
14.209	-78.7741	>>14.4193	-84.6727
14.4193	-84.6727	>>16.7246	-86.2323
16.7246	-86.2323	>>16.8132	-80.2823
16.8132	-80.2823	>>17.3291	-74.8291
17.3291	-74.8291	>>16.0019	-78.127
16.0019	-78.127	>>12.8646	-78.1241
12.8646	-78.1241	>>10.7199	-78.4753
10.7199	-78.4753	>>10.569	-84.2176
10.569	-84.2176	>>11.6818	-81.8672
11.6818	-81.8672	>>10.4732	-80.9533
10.4732	-80.9533	>>8.75105	-80.1161
8.75105	-80.1161	>>8.63239	-81.2109
8.63239	-81.2109	>>9.59556	-77.2634
9.59556	-77.2634	>>9.17231	-73.7345
9.17231	-73.7345	>>8.90424	-79.0983
8.90424	-79.0983	>>6.40773	-80.4778
6.40773	-80.4778	>>5.66849	-77.2367
5.66849	-77.2367	>>5.9108	-71.9068
5.9108	-71.9068	>>8.40845	-73.0112
8.40845	-73.0112	>>8.78578	-69.6049
8.78578	-69.6049	>>8.01504	-71.505
8.01504	-71.505	>>7.82125	-70.9123
7.82125	-70.9123	>>9.11326	-73.1461
9.11326	-73.1461	>>6.88121	-73.972
6.88121	-73.972	>>7.70015	-77.8738
7.70015	-77.8738	>>6.82671	-77.4053
6.82671	-77.4053	>>8.25896	-79.145
8.25896	-79.145	>>8.52544	-80.3219
8.52544	-80.3219	>>6.10271	-79.6554
6.10271	-79.6554	>>3.82976	-80.8383
3.82976	-80.8383	>>5.25799	-78.0823
5.25799	-78.0823	>>5.47793	-74.5394
5.47793	-74.5394	>>6.95964	-73.7508
6.95964	-73.7508	>>6.99107	-72.1773
6.99107	-72.1773	>>4.50536	-71.98
4.50536	-71.98	>>3.72366	-72.1812
3.72366	-72.1812	>>4.04328	-68.4675
4.04328	-68.4675	>>5.23461	-66.9646
5.23461	-66.9646	>>5.3228	-61.5025
5.3228	-61.5025	>>5.36971	-55.8726
5.36971	-55.8726	>>3.15369	-56.3015
3.15369	-56.3015	>>4.18055	-60.6101
4.18055	-60.6101	>>2.96474	-59.2012
2.96474	-59.2012	>>1.18962	-58.125
1.18962	-58.125	>>0.118567	-57.7608
0.118567	-57.7608	>>0.422487	-62.0056
0.422487	-62.0056	>>0.621304	-59.0676
0.621304	-59.0676	>>2.27484	-62.1303
2.27484	-62.1303	>>2.85904	-62.1526
2.85904	-62.1526	>>0.91905	-60.7897
0.91905	-60.7897	>>2.25229	-58.0176
2.25229	-58.0176	>>2.28387	-51.8189
2.28387	-51.8189	>>1.70578	-56.084
1.70578	-56.084	>>2.3724	-59.3853
2.3724	-59.3853	>>0.136956	-59.0853
0.136956	-59.0853	>>-1.595	-56.5502
-1.595	-56.5502	>>-0.0300013	-53.5763
-0.0300013	-53.5763	>>-2.56811	-54.3119
-2.56811	-54.3119	>>-4.60009	-56.2801
-4.60009	-56.2801	>>-5.55884	-59.791
-5.55884	-59.791	>>-7.01908	-61.8311
-7.01908	-61.8311	>>-4.35408	-61.3983
-4.35408	-61.3983	>>-6.10788	-62.5333
-6.10788	-62.5333	>>-7.1277	-66.2233
-7.1277	-66.2233	>>-7.87019	-62.0619
-7.87019	-62.0619	>>-9.33042	-58.6113
-9.33042	-58.6113	>>-7.91826	-59.8908
-7.91826	-59.8908	>>-5.28487	-59.474
-5.28487	-59.474	>>-5.47279	-65.1436
-5.47279	-65.1436	>>-2.47916	-64.9623
-2.47916	-64.9623	>>-3.89478	-65.6668
-3.89478	-65.6668	>>-5.98639	-67.387
-5.98639	-67.387	>>-2.90176	-67.3402
-2.90176	-67.3402	>>-0.634221	-69.0834
-0.634221	-69.0834	>>1.23796	-66.4889
1.23796	-66.4889	>>1.25735	-60.3549
1.25735	-60.3549	>>1.0215	-62.3003
1.0215	-62.3003	>>2.85236	-63.0125
2.85236	-63.0125	>>2.54503	-68.0138
2.54503	-68.0138	>>3.06028	-69.7562
3.06028	-69.7562	>>3.2857	-72.078
3.2857	-72.078	>>3.94566	-68.3553
3.94566	-68.3553	>>6.84569	-67.7127
6.84569	-67.7127	>>6.00559	-63.2499
6.00559	-63.2499	>>6.00057	-63.47
6.00057	-63.47	>>7.15719	-63.4497
7.15719	-63.4497	>>8.12942	-59.4231
8.12942	-59.4231	>>9.84605	-57.073
9.84605	-57.073	>>8.36758	-60.4694
8.36758	-60.4694	>>7.54707	-56.285
7.54707	-56.285	>>6.28241	-54.5832
6.28241	-54.5832	>>6.91506	-51.1697
6.91506	-51.1697	>>4.58433	-49.6428
4.58433	-49.6428	>>7.17762	-49.1361
7.17762	-49.1361	>>5.89947	-49.5649
5.89947	-49.5649	>>4.0118	-52.2699
4.0118	-52.2699	>>4.78344	-52.7267
4.78344	-52.7267	>>4.56605	-46.9725
4.56605	-46.9725	>>3.60584	-49.2954
3.60584	-49.2954	>>2.30544	-45.9092
2.30544	-45.9092	>>1.24686	-43.7931
1.24686	-43.7931	>>1.22796	-49.3632
1.22796	-49.3632	>>1.55993	-50.6636
1.55993	-50.6636	>>4.11022	-49.717
4.11022	-49.717	>>3.16152	-53.2765
3.16152	-53.2765	>>3.67584	-58.4154
3.67584	-58.4154	>>2.52055	-60.8311
2.52055	-60.8311	>>-0.119039	-60.3645
-0.119039	-60.3645	>>2.22889	-59.5363
2.22889	-59.5363	>>2.08904	-53.7891
2.08904	-53.7891	>>3.32003	-56.8195
3.32003	-56.8195	>>2.22675	-60.7344
2.22675	-60.7344	>>2.15671	-66.7384
2.15671	-66.7384	>>1.91712	-71.8575
1.91712	-71.8575	>>4.62282	-70.9859
4.62282	-70.9859	>>4.23834	-75.2399
4.23834	-75.2399	>>4.22169	-81.3908
4.22169	-81.3908	>>4.67124	-80.5593
4.67124	-80.5593	>>5.62331	-84.8493
5.62331	-84.8493	>>3.56141	-83.195
3.56141	-83.195	>>5.39314	-81.4729
5.39314	-81.4729	>>4.55112	-77.8799
4.55112	-77.8799	>>1.60874	-77.8769
1.60874	-77.8769	>>-0.763137	-77.7232
-0.763137	-77.7232	>>-0.816271	-83.4875
-0.816271	-83.4875	>>-0.631756	-77.8821
-0.631756	-77.8821	>>-2.81951	-77.7613
-2.81951	-77.7613	>>-2.64413	-83.4343
-2.64413	-83.4343	>>-4.12523	-80.3178
-4.12523	-80.3178	>>-2.40404	-77.1854
-2.40404	-77.1854	>>-0.56782	-74.9026
-0.56782	-74.9026	>>-3.29477	-74.1754
-3.29477	-74.1754	>>-2.6686	-70.9175
-2.6686	-70.9175	>>-4.06544	-68.4323
-4.06544	-68.4323	>>-1.87239	-69.966
-1.87239	-69.966	>>-0.995686	-65.9857
-0.995686	-65.9857	>>-0.433614	-65.8205
-0.433614	-65.8205	>>-2.62448	-64.0891
-2.62448	-64.0891	>>-0.557853	-61.9116
-0.557853	-61.9116	>>-3.21829	-61.0477
-3.21829	-61.0477	>>-3.62302	-66.3389
-3.62302	-66.3389	>>-5.70467	-68.506
-5.70467	-68.506	>>-5.63159	-62.479
-5.63159	-62.479	>>-6.20499	-58.1042
-6.20499	-58.1042	>>-7.14296	-60.0248
-7.14296	-60.0248	>>-7.76548	-64.785
-7.76548	-64.785	>>-7.67756	-70.5977
-7.67756	-70.5977	>>-6.29426	-68.3706
-6.29426	-68.3706	>>-7.06007	-67.6541
-7.06007	-67.6541	>>-9.82006	-66.9647
-9.82006	-66.9647	>>-9.28331	-61.9983
-9.28331	-61.9983	>>-9.29514	-68.1177
-9.29514	-68.1177	>>-8.51465	-69.05
-8.51465	-69.05	>>-6.67208	-68.5626
-6.67208	-68.5626	>>-5.56601	-64.4067
-5.56601	-64.4067	>>-8.25149	-63.5743
-8.25149	-63.5743	>>-8.30714	-67.6191
-8.30714	-67.6191	>>-7.29923	-68.4246
-7.29923	-68.4246	>>-7.99923	-71.6016
-7.99923	-71.6016	>>-11.0037	-71.591
-11.0037	-71.591	>>-13.8615	-71.6592
-13.8615	-71.6592	>>-15.6338	-73.3784
-15.6338	-73.3784	>>-17.7989	-73.4711
-17.7989	-73.4711	>>-17.4945	-68.021
-17.4945	-68.021	>>-16.6765	-68.2323
-16.6765	-68.2323	>>-16.3474	-73.6263
-16.3474	-73.6263	>>-14.6244	-73.8645
-14.6244	-73.8645	>>-16.9018	-74.721
-16.9018	-74.721	>>-17.7948	-78.0275
-17.7948	-78.0275	>>-18.0583	-72.2342
-18.0583	-72.2342	>>-18.6452	-70.062
-18.6452	-70.062	>>-17.2402	-66.3156
-17.2402	-66.3156	>>-17.0257	-61.776
-17.0257	-61.776	>>-16.0275	-60.8016
-16.0275	-60.8016	>>-14.1504	-59.9016
-14.1504	-59.9016	>>-12.3369	-61.2665
-12.3369	-61.2665	>>-12.6542	-55.9571
-12.6542	-55.9571	>>-13.6077	-51.6904
-13.6077	-51.6904	>>-11.899	-54.3963
-11.899	-54.3963	>>-9.5172	-53.6409
-9.5172	-53.6409	>>-6.44775	-53.7336
-6.44775	-53.7336	>>-5.84449	-51.7825
-5.84449	-51.7825	>>-5.18053	-56.6798
-5.18053	-56.6798	>>-6.2741	-53.3456
-6.2741	-53.3456	>>-6.62475	-50.7459
-6.62475	-50.7459	>>-6.50731	-55.1493
-6.50731	-55.1493	>>-3.51115	-55.2183
-3.51115	-55.2183	>>-2.29224	-55.6119
-2.29224	-55.6119	>>-1.57379	-56.9813
-1.57379	-56.9813	>>-2.23948	-54.2976
-2.23948	-54.2976	>>-2.06711	-48.9113
-2.06711	-48.9113	>>0.541018	-49.8957
0.541018	-49.8957	>>-2.36894	-50.2082
-2.36894	-50.2082	>>-1.33469	-46.3776
-1.33469	-46.3776	>>-2.84171	-46.2127
-2.84171	-46.2127	>>-3.57798	-50.749
-3.57798	-50.749	>>-3.54075	-53.6949
-3.54075	-53.6949	>>-1.5849	-54.8521
-1.5849	-54.8521	>>-4.2246	-55.9507
-4.2246	-55.9507	>>-3.87835	-60.7618
-3.87835	-60.7618	>>-3.55401	-65.091
-3.55401	-65.091	>>-0.83076	-64.1054
-0.83076	-64.1054	>>-2.22666	-62.435
-2.22666	-62.435	>>-1.82112	-66.3945
-1.82112	-66.3945	>>-0.591352	-65.3666
-0.591352	-65.3666	>>-3.26617	-65.9403
-3.26617	-65.9403	>>-3.41631	-70.2341
-3.41631	-70.2341	>>-2.88673	-67.1899
-2.88673	-67.1899	>>-4.4724	-69.9936
-4.4724	-69.9936	>>-4.71862	-71.0661
-4.71862	-71.0661	>>-4.19314	-66.6341
-4.19314	-66.6341	>>-5.37578	-66.3315
-5.37578	-66.3315	>>-7.22208	-63.8011
-7.22208	-63.8011	>>-6.83563	-58.6286
-6.83563	-58.6286	>>-8.35826	-58.5328
-8.35826	-58.5328	>>-7.59813	-63.1189
-7.59813	-63.1189	>>-4.98727	-62.615
-4.98727	-62.615	>>-8.0844	-62.5211
-8.0844	-62.5211	>>-8.80765	-65.6316
-8.80765	-65.6316	>>-9.82441	-65.7508
-9.82441	-65.7508	>>-9.8109	-71.3495
-9.8109	-71.3495	>>-8.78534	-73.5297
-8.78534	-73.5297	>>-9.00215	-67.6956
-9.00215	-67.6956	>>-10.9847	-67.6334
-10.9847	-67.6334	>>-14.0833	-67.6586
-14.0833	-67.6586	>>-16.6088	-66.5549
-16.6088	-66.5549	>>-15.0209	-63.3414
-15.0209	-63.3414	>>-12.1708	-62.9571
-12.1708	-62.9571	>>-11.3555	-67.501
-11.3555	-67.501	>>-11.3327	-72.4461
-11.3327	-72.4461	>>-12.2568	-76.4685
-12.2568	-76.4685	>>-12.2701	-82.0935
-12.2701	-82.0935	>>-11.9961	-84.854
-11.9961	-84.854	>>-8.96818	-84.9029
-8.96818	-84.9029	>>-6.09669	-84.549
-6.09669	-84.549	>>-7.61691	-87.6009
-7.61691	-87.6009	>>-5.3303	-86.0928
-5.3303	-86.0928	>>-4.01498	-88.574
-4.01498	-88.574	>>-6.5272	-88.9562
-6.5272	-88.9562	>>-8.15556	-88.0831
-8.15556	-88.0831	>>-9.74356	-90.9795
-9.74356	-90.9795	>>-9.80102	-85.0236
-9.80102	-85.0236	>>-10.063	-79.2256
-10.063	-79.2256	>>-10.9502	-76.9687
-10.9502	-76.9687	>>-9.81784	-75.2338
-9.81784	-75.2338	>>-10.0624	-80.7501
-10.0624	-80.7501	>>-10.0582	-78.3546
-10.0582	-78.3546	>>-7.18862	-77.6481
-7.18862	-77.6481	>>-8.40796	-76.3381
-8.40796	-76.3381	>>-10.7107	-74.6118
-10.7107	-74.6118	>>-9.86028	-73.2322
-9.86028	-73.2322	>>-10.2896	-77.8663
-10.2896	-77.8663	>>-10.9621	-76.8247
-10.9621	-76.8247	>>-8.52029	-77.7743
-8.52029	-77.7743	>>-9.45824	-78.5494
-9.45824	-78.5494	>>-7.71134	-79.9322
-7.71134	-79.9322	>>-8.35216	-76.2172
-8.35216	-76.2172	>>-7.62985	-71.7451
-7.62985	-71.7451	>>-7.49268	-76.2838
-7.49268	-76.2838	>>-8.7826	-76.0137
-8.7826	-76.0137	>>-8.87513	-69.9009
-8.87513	-69.9009	>>-6.83551	-68.752
-6.83551	-68.752	>>-6.79741	-74.1438
-6.79741	-74.1438	>>-7.60161	-75.1767
-7.60161	-75.1767	>>-5.54709	-77.2489
-5.54709	-77.2489	>>-5.5055	-79.0749
-5.5055	-79.0749	>>-2.96702	-78.9364
-2.96702	-78.9364	>>-0.779873	-78.0952
-0.779873	-78.0952	>>-1.23495	-75.4842
-1.23495	-75.4842	>>-1.15683	-81.523
-1.15683	-81.523	>>-1.67421	-86.6246
-1.67421	-86.6246	>>-0.1473	-86.2483
-0.1473	-86.2483	>>-0.19036	-81.2487
-0.19036	-81.2487	>>-0.210967	-75.4226
-0.210967	-75.4226	>>0.49842	-78.5263
0.49842	-78.5263	>>1.51797	-78.4662
1.51797	-78.4662	>>0.236795	-79.0915
0.236795	-79.0915	>>0.0891128	-76.1763
0.0891128	-76.1763	>>-1.99647	-78.0071
-1.99647	-78.0071	>>-2.27633	-77.8679
-2.27633	-77.8679	>>-2.69429	-76.931
-2.69429	-76.931	>>-3.58578	-73.4037
-3.58578	-73.4037	>>-6.15404	-72.4572
-6.15404	-72.4572	>>-5.20003	-76.724
-5.20003	-76.724	>>-5.54119	-71.1979
-5.54119	-71.1979	>>-3.67649	-72.4082
-3.67649	-72.4082	>>-5.03654	-70.4596
-5.03654	-70.4596	>>-3.53893	-71.6623
-3.53893	-71.6623	>>-0.800087	-72.2628
-0.800087	-72.2628	>>-0.65928	-78.206
-0.65928	-78.206	>>0.274674	-82.5211
0.274674	-82.5211	>>0.427315	-76.4427
0.427315	-76.4427	>>-1.45879	-74.4789
-1.45879	-74.4789	>>-2.24927	-76.0007
-2.24927	-76.0007	>>-2.25029	-82.272
-2.25029	-82.272	>>-2.22495	-76.1333
-2.22495	-76.1333	>>-2.81121	-75.8756
-2.81121	-75.8756	>>-1.7248	-76.1951
-1.7248	-76.1951	>>-1.34737	-80.7183
-1.34737	-80.7183	>>-0.679369	-76.1141
-0.679369	-76.1141	>>0.74421	-74.9864
0.74421	-74.9864	>>0.741563	-81.0923
0.741563	-81.0923	>>0.803749	-83.9522
0.803749	-83.9522	>>1.44492	-88.6181
1.44492	-88.6181	>>4.42051	-88.3003
4.42051	-88.3003	>>2.76516	-90.8346
2.76516	-90.8346	>>3.11188	-87.4585
3.11188	-87.4585	>>4.27316	-84.0718
4.27316	-84.0718	>>4.7072	-79.9232
4.7072	-79.9232	>>4.09957	-83.0505
4.09957	-83.0505	>>2.62525	-79.9576
2.62525	-79.9576	>>1.53332	-83.6374
1.53332	-83.6374	>>4.5472	-83.5172
4.5472	-83.5172	>>5.18503	-85.331
5.18503	-85.331	>>6.1682	-88.6636
6.1682	-88.6636	>>4.87819	-90.9009
4.87819	-90.9009	>>7.08822	-92.03
7.08822	-92.03	>>6.12455	-88.8862
6.12455	-88.8862	>>8.26012	-88.5439
8.26012	-88.5439	>>8.41607	-83.0084
8.41607	-83.0084	>>8.70498	-79.8506
8.70498	-79.8506	>>7.95996	-77.6695
7.95996	-77.6695	>>5.36158	-76.925
5.36158	-76.925	>>3.6618	-74.3549
3.6618	-74.3549	>>2.14331	-72.6975
2.14331	-72.6975	>>0.994459	-76.3872
0.994459	-76.3872	>>4.09854	-76.4071
4.09854	-76.4071	>>6.39827	-75.1925
6.39827	-75.1925	>>8.10308	-77.8423
8.10308	-77.8423	>>10.344	-79.5705
10.344	-79.5705	>>11.7619	-76.0236
11.7619	-76.0236	>>11.6648	-82.1161
11.6648	-82.1161	>>13.1726	-83.0567
13.1726	-83.0567	>>12.2703	-78.6343
12.2703	-78.6343	>>12.764	-78.9718
12.764	-78.9718	>>12.8939	-84.6912
12.8939	-84.6912	>>11.1912	-81.9907
11.1912	-81.9907	>>11.3125	-76.2278
11.3125	-76.2278	>>11.6687	-81.6943
11.6687	-81.6943	>>12.6027	-77.7356
12.6027	-77.7356	>>13.045	-74.0718
13.045	-74.0718	>>10.7007	-72.9009
10.7007	-72.9009	>>9.88254	-74.4528
9.88254	-74.4528	>>11.2193	-77.7996
11.2193	-77.7996	>>11.514	-83.0207
11.514	-83.0207	>>12.3157	-83.5609
12.3157	-83.5609	>>13.2504	-79.1672
13.2504	-79.1672	>>13.3419	-81.9932
13.3419	-81.9932	>>13.1888	-76.7889
13.1888	-76.7889	>>13.6997	-82.0888
13.6997	-82.0888	>>14.4928	-85.0422
14.4928	-85.0422	>>16.0794	-84.7876
16.0794	-84.7876	>>17.3129	-87.5445
17.3129	-87.5445	>>18.0019	-82.447
18.0019	-82.447	>>19.9405	-82.3904
19.9405	-82.3904	>>22.8444	-82.688
22.8444	-82.688	>>21.5533	-79.2216
21.5533	-79.2216	>>22.5789	-77.3383
22.5789	-77.3383	>>20.1481	-75.8429
20.1481	-75.8429	>>21.801	-78.1049
21.801	-78.1049	>>20.7534	-79.9588
1000-th E = 2.12942
Maximum Founded: -0.495468
