0.8	0.8	>>1.4254	-3.8013
1.4254	-3.8013	>>3.13538	-1.43154
3.13538	-1.43154	>>1.62203	-4.27929
1.62203	-4.27929	>>2.41094	-8.43432
2.41094	-8.43432	>>4.40455	-10.5369
4.40455	-10.5369	>>3.22186	-13.8007
3.22186	-13.8007	>>2.95092	-8.61259
2.95092	-8.61259	>>5.93559	-8.19887
5.93559	-8.19887	>>7.68813	-10.0814
7.68813	-10.0814	>>6.75036	-6.7482
6.75036	-6.7482	>>6.75275	-13.0045
6.75275	-13.0045	>>6.76133	-6.72635
6.76133	-6.72635	>>6.85551	-12.5881
6.85551	-12.5881	>>8.65357	-10.1026
8.65357	-10.1026	>>7.01392	-8.35898
7.01392	-8.35898	>>3.95791	-8.21583
3.95791	-8.21583	>>5.23014	-9.66245
5.23014	-9.66245	>>5.49125	-7.1917
5.49125	-7.1917	>>3.39098	-6.95005
3.39098	-6.95005	>>4.85559	-10.0125
4.85559	-10.0125	>>5.16936	-5.08692
5.16936	-5.08692	>>6.44519	-7.91631
6.44519	-7.91631	>>9.04013	-8.85024
9.04013	-8.85024	>>6.16927	-8.27787
6.16927	-8.27787	>>5.67558	-3.0144
5.67558	-3.0144	>>5.43684	2.55165
5.43684	2.55165	>>7.20993	0.713981
7.20993	0.713981	>>6.90969	6.33892
6.90969	6.33892	>>9.33746	5.05409
9.33746	5.05409	>>10.421	1.10894
10.421	1.10894	>>13.1718	0.694571
13.1718	0.694571	>>12.2768	5.1553
12.2768	5.1553	>>12.8555	7.81193
12.8555	7.81193	>>14.2661	4.51176
14.2661	4.51176	>>14.3273	-1.59733
14.3273	-1.59733	>>12.868	-3.81398
12.868	-3.81398	>>11.289	-7.23074
11.289	-7.23074	>>11.0834	-1.42022
11.0834	-1.42022	>>8.83407	-2.94167
8.83407	-2.94167	>>7.71831	0.852938
7.71831	0.852938	>>7.21409	-0.45669
7.21409	-0.45669	>>6.90013	-5.48299
6.90013	-5.48299	>>6.34881	-1.93646
6.34881	-1.93646	>>7.71444	-5.26372
7.71444	-5.26372	>>7.81725	-11.3501
7.81725	-11.3501	>>6.50642	-13.449
6.50642	-13.449	>>8.37836	-13.256
8.37836	-13.256	>>8.55538	-8.91093
8.55538	-8.91093	>>11.1808	-8.09952
11.1808	-8.09952	>>12.3518	-10.2274
12.3518	-10.2274	>>11.8055	-5.48874
11.8055	-5.48874	>>11.6412	0.289924
11.6412	0.289924	>>10.7239	-3.82183
10.7239	-3.82183	>>11.0494	-7.95797
11.0494	-7.95797	>>9.55771	-9.54942
9.55771	-9.54942	>>7.87007	-7.66014
7.87007	-7.66014	>>9.87907	-9.3518
9.87907	-9.3518	>>7.63396	-10.8526
7.63396	-10.8526	>>9.57248	-12.4345
9.57248	-12.4345	>>11.6075	-10.6868
11.6075	-10.6868	>>9.90364	-13.2569
9.90364	-13.2569	>>9.67576	-16.8297
9.67576	-16.8297	>>10.7912	-20.1417
10.7912	-20.1417	>>11.6695	-21.0318
11.6695	-21.0318	>>11.1122	-15.8459
11.1122	-15.8459	>>8.93812	-14.1567
8.93812	-14.1567	>>11.6508	-14.9395
11.6508	-14.9395	>>12.8582	-11.4727
12.8582	-11.4727	>>12.1688	-6.98657
12.1688	-6.98657	>>11.9256	-12.3191
11.9256	-12.3191	>>9.75325	-14.2807
9.75325	-14.2807	>>9.69211	-20.2349
9.69211	-20.2349	>>9.49841	-25.9164
9.49841	-25.9164	>>12.2227	-25.9442
12.2227	-25.9442	>>11.9393	-30.4092
11.9393	-30.4092	>>9.25718	-29.5703
9.25718	-29.5703	>>9.07164	-33.85
9.07164	-33.85	>>6.42452	-32.8428
6.42452	-32.8428	>>9.03403	-31.5522
9.03403	-31.5522	>>10.8927	-32.6569
10.8927	-32.6569	>>13.2084	-33.9552
13.2084	-33.9552	>>12.8257	-38.87
12.8257	-38.87	>>11.3032	-39.5701
11.3032	-39.5701	>>10.4375	-43.6272
10.4375	-43.6272	>>7.5001	-43.7106
7.5001	-43.7106	>>6.00657	-43.714
6.00657	-43.714	>>7.37696	-43.4887
7.37696	-43.4887	>>7.70443	-47.7814
7.70443	-47.7814	>>8.00915	-53.4748
8.00915	-53.4748	>>7.03571	-53.81
7.03571	-53.81	>>4.95665	-52.7331
4.95665	-52.7331	>>5.59928	-54.3585
5.59928	-54.3585	>>8.03642	-55.3388
8.03642	-55.3388	>>5.31035	-54.6334
5.31035	-54.6334	>>4.06335	-54.3878
4.06335	-54.3878	>>1.24438	-54.6265
1.24438	-54.6265	>>1.25656	-54.9021
1.25656	-54.9021	>>1.47141	-56.6183
1.47141	-56.6183	>>-1.62433	-56.7822
-1.62433	-56.7822	>>-0.720257	-52.6168
-0.720257	-52.6168	>>-1.3969	-53.636
-1.3969	-53.636	>>-3.81782	-53.9189
-3.81782	-53.9189	>>-4.84649	-56.6032
-4.84649	-56.6032	>>-3.20241	-58.3083
-3.20241	-58.3083	>>-3.88426	-63.0105
-3.88426	-63.0105	>>-3.58455	-67.1743
-3.58455	-67.1743	>>-5.82993	-65.4947
-5.82993	-65.4947	>>-5.92423	-70.9538
-5.92423	-70.9538	>>-7.43052	-73.2562
-7.43052	-73.2562	>>-7.21223	-75.9116
-7.21223	-75.9116	>>-7.95981	-73.5532
-7.95981	-73.5532	>>-6.09194	-74.8438
-6.09194	-74.8438	>>-8.57218	-76.3511
-8.57218	-76.3511	>>-5.83465	-75.3746
-5.83465	-75.3746	>>-7.34189	-75.0051
-7.34189	-75.0051	>>-7.44594	-69.7426
-7.44594	-69.7426	>>-7.71804	-71.8096
-7.71804	-71.8096	>>-7.22563	-67.0492
-7.22563	-67.0492	>>-6.89134	-61.7765
-6.89134	-61.7765	>>-7.66584	-57.9587
-7.66584	-57.9587	>>-6.83705	-62.4855
-6.83705	-62.4855	>>-7.11835	-67.6868
-7.11835	-67.6868	>>-5.42239	-70.4702
-5.42239	-70.4702	>>-4.42377	-67.8049
-4.42377	-67.8049	>>-2.67868	-70.1481
-2.67868	-70.1481	>>-4.06712	-68.8701
-4.06712	-68.8701	>>-6.96651	-69.1898
-6.96651	-69.1898	>>-4.87147	-68.2948
-4.87147	-68.2948	>>-5.99242	-64.3133
-5.99242	-64.3133	>>-8.22947	-64.0911
-8.22947	-64.0911	>>-7.7726	-61.1656
-7.7726	-61.1656	>>-7.47003	-58.4812
-7.47003	-58.4812	>>-6.75052	-57.3584
-6.75052	-57.3584	>>-6.66399	-55.6731
-6.66399	-55.6731	>>-8.06337	-52.9009
-8.06337	-52.9009	>>-10.8414	-52.2681
-10.8414	-52.2681	>>-11.2068	-47.0672
-11.2068	-47.0672	>>-10.5061	-42.7755
-10.5061	-42.7755	>>-9.51695	-42.5443
-9.51695	-42.5443	>>-11.1734	-43.1318
-11.1734	-43.1318	>>-9.63732	-43.2575
-9.63732	-43.2575	>>-9.43939	-38.4905
-9.43939	-38.4905	>>-9.09557	-36.1956
-9.09557	-36.1956	>>-7.42456	-38.8001
-7.42456	-38.8001	>>-5.80734	-41.2185
-5.80734	-41.2185	>>-5.41635	-35.9503
-5.41635	-35.9503	>>-3.85744	-33.5155
-3.85744	-33.5155	>>-3.49172	-38.3737
-3.49172	-38.3737	>>-0.362014	-38.3996
-0.362014	-38.3996	>>1.50162	-37.2321
1.50162	-37.2321	>>0.801524	-37.2933
0.801524	-37.2933	>>0.236271	-42.5695
0.236271	-42.5695	>>0.368248	-46.8797
0.368248	-46.8797	>>2.56092	-46.8617
2.56092	-46.8617	>>5.3965	-47.3954
5.3965	-47.3954	>>7.8715	-48.1262
7.8715	-48.1262	>>10.1132	-47.9073
10.1132	-47.9073	>>7.987	-49.2842
7.987	-49.2842	>>6.68191	-49.7625
6.68191	-49.7625	>>6.87132	-55.4494
6.87132	-55.4494	>>5.54184	-51.9719
5.54184	-51.9719	>>6.58069	-50.4796
6.58069	-50.4796	>>7.26548	-47.5858
7.26548	-47.5858	>>6.9105	-50.884
6.9105	-50.884	>>4.21894	-50.7172
4.21894	-50.7172	>>4.42407	-45.24
4.42407	-45.24	>>4.06991	-42.408
4.06991	-42.408	>>1.50679	-43.3263
1.50679	-43.3263	>>4.0704	-43.4936
4.0704	-43.4936	>>3.84669	-46.1535
3.84669	-46.1535	>>5.60105	-47.6529
5.60105	-47.6529	>>3.28194	-48.7096
3.28194	-48.7096	>>2.93076	-43.5317
2.93076	-43.5317	>>4.05173	-41.0334
4.05173	-41.0334	>>5.25158	-42.9118
5.25158	-42.9118	>>5.36772	-45.35
5.36772	-45.35	>>7.44945	-43.6414
7.44945	-43.6414	>>4.4999	-43.3613
4.4999	-43.3613	>>7.59323	-43.3604
7.59323	-43.3604	>>10.1121	-44.2055
10.1121	-44.2055	>>11.3485	-40.9034
11.3485	-40.9034	>>13.1301	-42.3852
13.1301	-42.3852	>>11.0707	-42.685
11.0707	-42.685	>>13.1058	-40.9651
13.1058	-40.9651	>>12.0828	-44.3608
12.0828	-44.3608	>>9.45014	-43.6141
9.45014	-43.6141	>>6.46131	-43.9985
6.46131	-43.9985	>>6.51996	-45.5046
6.51996	-45.5046	>>6.34269	-44.7194
6.34269	-44.7194	>>5.66312	-39.9935
5.66312	-39.9935	>>5.79021	-34.6843
5.79021	-34.6843	>>6.43702	-38.5195
6.43702	-38.5195	>>5.72389	-40.8995
5.72389	-40.8995	>>6.11983	-39.3991
6.11983	-39.3991	>>3.99708	-40.4172
3.99708	-40.4172	>>1.28685	-40.3653
1.28685	-40.3653	>>2.09713	-39.2403
2.09713	-39.2403	>>2.40432	-35.7039
2.40432	-35.7039	>>0.956146	-32.8606
0.956146	-32.8606	>>-2.04184	-33.2734
-2.04184	-33.2734	>>-2.92767	-34.8615
-2.92767	-34.8615	>>-5.66551	-34.2277
-5.66551	-34.2277	>>-6.12969	-29.1304
-6.12969	-29.1304	>>-3.90927	-29.1517
-3.90927	-29.1517	>>-1.46335	-28.241
-1.46335	-28.241	>>-1.80437	-29.6521
-1.80437	-29.6521	>>-0.900704	-28.0296
-0.900704	-28.0296	>>0.00409824	-31.5242
0.00409824	-31.5242	>>0.942395	-31.6812
0.942395	-31.6812	>>3.20334	-33.0146
3.20334	-33.0146	>>3.35126	-38.9813
3.35126	-38.9813	>>3.80351	-43.8092
3.80351	-43.8092	>>3.0389	-48.4126
3.0389	-48.4126	>>0.347358	-49.0174
0.347358	-49.0174	>>-0.0599325	-54.0952
-0.0599325	-54.0952	>>2.691	-53.1174
2.691	-53.1174	>>1.65029	-52.1955
1.65029	-52.1955	>>0.536406	-55.9245
0.536406	-55.9245	>>3.00266	-55.1689
3.00266	-55.1689	>>5.67476	-55.1197
5.67476	-55.1197	>>4.3359	-54.4006
4.3359	-54.4006	>>5.94703	-55.7781
5.94703	-55.7781	>>4.91165	-57.7438
4.91165	-57.7438	>>5.12257	-61.02
5.12257	-61.02	>>5.66542	-65.3137
5.66542	-65.3137	>>6.74604	-69.3213
6.74604	-69.3213	>>6.73001	-73.5458
6.73001	-73.5458	>>6.5692	-68.1163
6.5692	-68.1163	>>3.78005	-67.6627
3.78005	-67.6627	>>4.39061	-70.1266
4.39061	-70.1266	>>1.90173	-70.2956
1.90173	-70.2956	>>0.483463	-73.4691
0.483463	-73.4691	>>1.66985	-74.0553
1.66985	-74.0553	>>0.755233	-69.6167
0.755233	-69.6167	>>0.955946	-68.5694
0.955946	-68.5694	>>3.28892	-67.3851
3.28892	-67.3851	>>4.13796	-67.7719
4.13796	-67.7719	>>3.60553	-63.0924
3.60553	-63.0924	>>1.39137	-61.3347
1.39137	-61.3347	>>3.57665	-59.2015
3.57665	-59.2015	>>2.01069	-61.4772
2.01069	-61.4772	>>1.12839	-61.8732
1.12839	-61.8732	>>-0.972078	-61.4863
-0.972078	-61.4863	>>-1.49928	-62.5519
-1.49928	-62.5519	>>-3.40451	-62.5283
-3.40451	-62.5283	>>-4.28819	-59.1347
-4.28819	-59.1347	>>-4.93369	-59.4965
-4.93369	-59.4965	>>-5.05867	-62.0226
-5.05867	-62.0226	>>-4.22713	-59.8156
-4.22713	-59.8156	>>-4.62859	-64.3155
-4.62859	-64.3155	>>-2.9863	-61.024
-2.9863	-61.024	>>-2.05839	-61.5483
-2.05839	-61.5483	>>-0.368305	-59.6208
-0.368305	-59.6208	>>-2.41746	-59.0876
-2.41746	-59.0876	>>-4.80542	-57.5081
-4.80542	-57.5081	>>-4.7062	-63.4049
-4.7062	-63.4049	>>-3.82441	-65.2671
-3.82441	-65.2671	>>-4.10746	-59.7255
-4.10746	-59.7255	>>-3.34557	-63.3827
-3.34557	-63.3827	>>-1.66083	-63.2084
-1.66083	-63.2084	>>-2.53569	-58.7766
-2.53569	-58.7766	>>-1.52612	-57.4316
-1.52612	-57.4316	>>0.833189	-58.0507
0.833189	-58.0507	>>1.81628	-53.4834
1.81628	-53.4834	>>1.53375	-47.9531
1.53375	-47.9531	>>3.22891	-46.9033
3.22891	-46.9033	>>2.93174	-48.7012
2.93174	-48.7012	>>4.59949	-50.737
4.59949	-50.737	>>4.19331	-54.3167
4.19331	-54.3167	>>3.44811	-50.1148
3.44811	-50.1148	>>0.467169	-50.4972
0.467169	-50.4972	>>0.577724	-51.7768
0.577724	-51.7768	>>1.47845	-54.6125
1.47845	-54.6125	>>-1.6069	-54.7978
-1.6069	-54.7978	>>-0.183068	-51.4427
-0.183068	-51.4427	>>-1.08801	-47.3814
-1.08801	-47.3814	>>-3.80263	-47.3236
-3.80263	-47.3236	>>-4.54182	-43.4563
-4.54182	-43.4563	>>-2.9461	-44.7911
-2.9461	-44.7911	>>-4.39264	-42.9166
-4.39264	-42.9166	>>-2.32148	-41.1763
-2.32148	-41.1763	>>-3.34047	-44.281
-3.34047	-44.281	>>-2.73014	-49.2918
-2.73014	-49.2918	>>-2.48506	-43.717
-2.48506	-43.717	>>-3.73927	-44.2399
-3.73927	-44.2399	>>-3.77843	-38.0884
-3.77843	-38.0884	>>-3.36565	-41.1766
-3.36565	-41.1766	>>-4.96944	-43.7695
-4.96944	-43.7695	>>-5.71307	-42.5912
-5.71307	-42.5912	>>-6.45818	-45.4568
-6.45818	-45.4568	>>-4.90337	-44.1167
-4.90337	-44.1167	>>-2.39499	-44.7139
-2.39499	-44.7139	>>-3.45465	-48.061
-3.45465	-48.061	>>-5.52522	-46.7155
-5.52522	-46.7155	>>-6.83354	-45.8445
-6.83354	-45.8445	>>-8.21307	-43.4969
-8.21307	-43.4969	>>-8.24496	-37.4188
-8.24496	-37.4188	>>-8.41381	-34.4804
-8.41381	-34.4804	>>-7.76917	-31.398
-7.76917	-31.398	>>-8.03681	-32.7987
-8.03681	-32.7987	>>-9.8047	-34.0263
-9.8047	-34.0263	>>-9.49116	-39.726
-9.49116	-39.726	>>-10.4195	-40.052
-10.4195	-40.052	>>-12.0587	-37.5242
-12.0587	-37.5242	>>-11.172	-35.3254
-11.172	-35.3254	>>-12.442	-38.8362
-12.442	-38.8362	>>-9.88185	-40.0068
-9.88185	-40.0068	>>-9.6891	-44.2498
-9.6891	-44.2498	>>-9.6927	-38.4383
-9.6927	-38.4383	>>-8.85427	-42.3702
-8.85427	-42.3702	>>-10.6856	-41.7568
-10.6856	-41.7568	>>-10.5721	-35.9878
-10.5721	-35.9878	>>-10.1358	-38.6713
-10.1358	-38.6713	>>-8.34809	-41.0157
-8.34809	-41.0157	>>-8.68699	-35.9386
-8.68699	-35.9386	>>-7.77936	-39.8291
-7.77936	-39.8291	>>-8.18073	-36.1443
-8.18073	-36.1443	>>-6.80867	-37.1596
-6.80867	-37.1596	>>-5.86581	-35.0348
-5.86581	-35.0348	>>-5.01343	-39.3987
-5.01343	-39.3987	>>-8.01186	-39.2754
-8.01186	-39.2754	>>-8.99753	-39.7276
-8.99753	-39.7276	>>-8.12533	-39.636
-8.12533	-39.636	>>-5.86165	-39.9684
-5.86165	-39.9684	>>-6.61656	-44.2652
-6.61656	-44.2652	>>-6.16161	-40.1018
-6.16161	-40.1018	>>-4.49586	-38.2493
-4.49586	-38.2493	>>-4.52503	-38.4123
-4.52503	-38.4123	>>-1.7449	-38.8006
-1.7449	-38.8006	>>-1.62664	-33.5286
-1.62664	-33.5286	>>-2.42321	-37.818
-2.42321	-37.818	>>-0.360548	-39.8652
-0.360548	-39.8652	>>1.55846	-40.7585
1.55846	-40.7585	>>1.86507	-43.0107
1.86507	-43.0107	>>2.15291	-38.3153
2.15291	-38.3153	>>0.89638	-34.5774
0.89638	-34.5774	>>3.01006	-32.243
3.01006	-32.243	>>3.28638	-31.851
3.28638	-31.851	>>4.05728	-29.6689
4.05728	-29.6689	>>6.52994	-28.6301
6.52994	-28.6301	>>3.47049	-28.6318
3.47049	-28.6318	>>0.377971	-28.6054
0.377971	-28.6054	>>-1.88134	-29.9298
-1.88134	-29.9298	>>-3.61071	-32.4248
-3.61071	-32.4248	>>-1.60563	-34.571
-1.60563	-34.571	>>-3.57726	-37.1843
-3.57726	-37.1843	>>-5.65114	-35.3361
-5.65114	-35.3361	>>-3.96735	-32.6593
-3.96735	-32.6593	>>-1.19254	-32.1994
-1.19254	-32.1994	>>-0.479338	-36.6974
-0.479338	-36.6974	>>-2.38301	-37.3063
-2.38301	-37.3063	>>-0.912529	-40.6718
-0.912529	-40.6718	>>1.27286	-39.029
1.27286	-39.029	>>1.0777	-44.9612
1.0777	-44.9612	>>-0.198629	-47.4715
-0.198629	-47.4715	>>-0.580386	-42.0372
-0.580386	-42.0372	>>-1.84036	-44.8295
-1.84036	-44.8295	>>-3.19007	-41.6915
-3.19007	-41.6915	>>-2.35415	-45.7671
-2.35415	-45.7671	>>-1.9626	-50.6905
-1.9626	-50.6905	>>0.0994666	-49.684
0.0994666	-49.684	>>1.93445	-47.3781
1.93445	-47.3781	>>-0.979898	-47.4397
-0.979898	-47.4397	>>-3.11099	-47.9792
-3.11099	-47.9792	>>-3.74983	-44.1578
-3.74983	-44.1578	>>-3.84338	-42.0102
-3.84338	-42.0102	>>-3.63148	-47.227
-3.63148	-47.227	>>-4.25774	-42.893
-4.25774	-42.893	>>-4.205	-41.8702
-4.205	-41.8702	>>-5.17395	-42.6135
-5.17395	-42.6135	>>-3.6585	-41.4676
-3.6585	-41.4676	>>-2.94933	-46.1646
-2.94933	-46.1646	>>-0.356073	-45.3371
-0.356073	-45.3371	>>1.30008	-47.8695
1.30008	-47.8695	>>2.36298	-47.0845
2.36298	-47.0845	>>0.510942	-49.6615
0.510942	-49.6615	>>-2.29102	-49.8279
-2.29102	-49.8279	>>-1.706	-53.5235
-1.706	-53.5235	>>-1.98253	-59.4013
-1.98253	-59.4013	>>-4.92364	-59.5835
-4.92364	-59.5835	>>-2.54805	-61.1817
-2.54805	-61.1817	>>-4.83778	-60.052
-4.83778	-60.052	>>-3.88945	-64.4949
-3.88945	-64.4949	>>-4.04017	-68.4826
-4.04017	-68.4826	>>-4.70532	-66.976
-4.70532	-66.976	>>-4.41866	-72.614
-4.41866	-72.614	>>-7.08284	-71.9981
-7.08284	-71.9981	>>-7.15114	-68.8868
-7.15114	-68.8868	>>-9.03763	-68.4522
-9.03763	-68.4522	>>-10.7762	-67.2934
-10.7762	-67.2934	>>-10.9925	-61.803
-10.9925	-61.803	>>-12.9274	-61.5578
-12.9274	-61.5578	>>-11.084	-63.7353
-11.084	-63.7353	>>-10.5771	-66.8002
-10.5771	-66.8002	>>-8.91321	-64.3322
-8.91321	-64.3322	>>-11.1737	-62.4894
-11.1737	-62.4894	>>-11.3776	-57.025
-11.3776	-57.025	>>-12.054	-52.7975
-12.054	-52.7975	>>-13.7347	-54.597
-13.7347	-54.597	>>-14.11	-57.1182
-14.11	-57.1182	>>-11.6371	-56.526
-11.6371	-56.526	>>-12.3168	-61.1242
-12.3168	-61.1242	>>-13.5066	-60.7083
-13.5066	-60.7083	>>-15.0781	-60.4913
-15.0781	-60.4913	>>-15.3873	-57.5768
-15.3873	-57.5768	>>-17.2944	-55.0446
-17.2944	-55.0446	>>-17.7035	-49.7395
-17.7035	-49.7395	>>-17.8351	-43.8414
-17.8351	-43.8414	>>-19.2159	-41.32
-19.2159	-41.32	>>-19.8039	-45.5212
-19.8039	-45.5212	>>-19.5537	-51.3201
-19.5537	-51.3201	>>-17.2442	-49.8982
-17.2442	-49.8982	>>-17.4481	-48.473
-17.4481	-48.473	>>-16.468	-46.6216
-16.468	-46.6216	>>-19.5221	-46.4895
-19.5221	-46.4895	>>-19.112	-47.3401
-19.112	-47.3401	>>-21.336	-49.2951
-21.336	-49.2951	>>-20.5139	-54.0087
-20.5139	-54.0087	>>-20.8541	-54.5557
-20.8541	-54.5557	>>-19.6747	-58.5618
-19.6747	-58.5618	>>-20.7396	-62.7845
-20.7396	-62.7845	>>-20.6126	-56.9436
-20.6126	-56.9436	>>-19.0168	-59.8669
-19.0168	-59.8669	>>-22.1331	-59.9755
-22.1331	-59.9755	>>-22.7925	-55.6323
-22.7925	-55.6323	>>-22.0621	-55.456
-22.0621	-55.456	>>-23.6064	-53.5076
-23.6064	-53.5076	>>-23.8459	-57.3974
-23.8459	-57.3974	>>-25.4778	-58.5192
-25.4778	-58.5192	>>-26.2171	-57.6615
-26.2171	-57.6615	>>-25.5535	-60.0327
-25.5535	-60.0327	>>-26.7488	-61.9794
-26.7488	-61.9794	>>-26.7176	-67.9358
-26.7176	-67.9358	>>-26.1891	-71.9014
-26.1891	-71.9014	>>-27.3839	-70.3521
-27.3839	-70.3521	>>-25.2035	-71.7926
-25.2035	-71.7926	>>-25.7131	-77.148
-25.7131	-77.148	>>-26.496	-75.7754
-26.496	-75.7754	>>-25.5134	-75.9299
-25.5134	-75.9299	>>-23.0926	-76.2391
-23.0926	-76.2391	>>-22.727	-79.6222
-22.727	-79.6222	>>-23.2771	-80.2329
-23.2771	-80.2329	>>-23.3697	-86.1854
-23.3697	-86.1854	>>-24.8742	-89.1255
-24.8742	-89.1255	>>-22.7361	-89.3787
-22.7361	-89.3787	>>-22.3641	-89.2768
-22.3641	-89.2768	>>-21.7075	-93.8344
-21.7075	-93.8344	>>-20.9008	-90.5506
-20.9008	-90.5506	>>-19.4207	-93.6302
-19.4207	-93.6302	>>-22.1259	-93.6386
-22.1259	-93.6386	>>-19.8815	-94.1172
-19.8815	-94.1172	>>-17.6502	-94.7985
-17.6502	-94.7985	>>-16.5495	-90.4548
-16.5495	-90.4548	>>-14.9249	-92.0055
-14.9249	-92.0055	>>-14.7345	-94.8586
-14.7345	-94.8586	>>-14.3389	-93.1978
-14.3389	-93.1978	>>-15.3022	-97.2071
-15.3022	-97.2071	>>-15.7733	-102.109
-15.7733	-102.109	>>-15.4211	-103.75
-15.4211	-103.75	>>-15.421	-106.733
-15.421	-106.733	>>-15.995	-109.61
-15.995	-109.61	>>-12.9128	-109.658
-12.9128	-109.658	>>-10.5119	-108.517
-10.5119	-108.517	>>-11.1707	-108.981
-11.1707	-108.981	>>-11.5494	-103.717
-11.5494	-103.717	>>-12.7768	-102.017
-12.7768	-102.017	>>-12.6876	-108.142
-12.6876	-108.142	>>-13.951	-107.293
-13.951	-107.293	>>-15.4632	-105.597
-15.4632	-105.597	>>-18.3109	-105.017
-18.3109	-105.017	>>-18.5381	-99.2547
-18.5381	-99.2547	>>-18.356	-97.7667
-18.356	-97.7667	>>-17.9694	-102.653
-17.9694	-102.653	>>-15.0874	-102.318
-15.0874	-102.318	>>-17.1452	-104.623
-17.1452	-104.623	>>-15.1464	-104.18
-15.1464	-104.18	>>-13.6271	-107.14
-13.6271	-107.14	>>-15.8461	-106.56
-15.8461	-106.56	>>-14.6871	-110.558
-14.6871	-110.558	>>-15.5569	-115.1
-15.5569	-115.1	>>-18.3872	-115.909
-18.3872	-115.909	>>-16.2705	-114.476
-16.2705	-114.476	>>-16.1785	-108.667
-16.1785	-108.667	>>-14.927	-111.224
-14.927	-111.224	>>-14.0341	-108.654
-14.0341	-108.654	>>-11.1532	-109.057
-11.1532	-109.057	>>-9.92186	-104.965
-9.92186	-104.965	>>-11.076	-107.563
-11.076	-107.563	>>-9.06464	-105.404
-9.06464	-105.404	>>-11.7923	-104.659
-11.7923	-104.659	>>-11.1297	-102.488
-11.1297	-102.488	>>-11.4775	-98.0276
-11.4775	-98.0276	>>-12.5287	-97.1776
-12.5287	-97.1776	>>-14.9807	-96.5436
-14.9807	-96.5436	>>-13.3634	-97.2165
-13.3634	-97.2165	>>-14.1724	-101.423
-14.1724	-101.423	>>-15.4595	-98.5903
-15.4595	-98.5903	>>-18.1911	-97.8338
-18.1911	-97.8338	>>-19.2579	-101.044
-19.2579	-101.044	>>-19.2881	-95.5205
-19.2881	-95.5205	>>-19.4531	-89.5341
-19.4531	-89.5341	>>-20.6893	-87.8311
-20.6893	-87.8311	>>-19.6166	-84.4673
-19.6166	-84.4673	>>-18.6568	-88.2047
-18.6568	-88.2047	>>-19.638	-83.9852
-19.638	-83.9852	>>-19.2468	-88.6243
-19.2468	-88.6243	>>-19.0856	-88.1769
-19.0856	-88.1769	>>-16.9015	-89.9634
-16.9015	-89.9634	>>-18.0122	-93.1198
-18.0122	-93.1198	>>-14.881	-93.0581
-14.881	-93.0581	>>-13.3897	-96.4111
-13.3897	-96.4111	>>-11.276	-94.8811
-11.276	-94.8811	>>-10.8641	-94.798
-10.8641	-94.798	>>-11.9906	-90.7354
-11.9906	-90.7354	>>-11.419	-90.3752
-11.419	-90.3752	>>-8.72518	-90.5616
-8.72518	-90.5616	>>-9.13405	-95.2633
-9.13405	-95.2633	>>-9.49365	-99.9241
-9.49365	-99.9241	>>-6.93675	-99.7923
-6.93675	-99.7923	>>-8.38498	-97.6239
-8.38498	-97.6239	>>-10.6743	-97.304
-10.6743	-97.304	>>-9.71787	-92.7434
-9.71787	-92.7434	>>-9.77848	-86.6564
-9.77848	-86.6564	>>-9.35214	-84.647
-9.35214	-84.647	>>-11.0844	-85.7102
-11.0844	-85.7102	>>-9.76223	-88.3981
-9.76223	-88.3981	>>-9.89884	-89.8088
-9.89884	-89.8088	>>-11.5597	-86.8988
-11.5597	-86.8988	>>-8.73354	-87.4371
-8.73354	-87.4371	>>-8.43331	-91.5432
-8.43331	-91.5432	>>-9.89304	-89.2761
-9.89304	-89.2761	>>-10.6652	-85.5028
-10.6652	-85.5028	>>-10.7236	-90.9112
-10.7236	-90.9112	>>-10.1706	-93.2756
-10.1706	-93.2756	>>-10.6726	-98.6066
-10.6726	-98.6066	>>-12.185	-100.218
-12.185	-100.218	>>-11.656	-105.358
-11.656	-105.358	>>-9.86864	-103.909
-9.86864	-103.909	>>-11.7451	-105.532
-11.7451	-105.532	>>-11.8209	-111.46
-11.8209	-111.46	>>-12.4243	-116.26
-12.4243	-116.26	>>-12.0718	-119.131
-12.0718	-119.131	>>-9.21174	-119.173
-9.21174	-119.173	>>-8.51561	-122.293
-8.51561	-122.293	>>-6.89642	-121.748
-6.89642	-121.748	>>-6.83067	-117.958
-6.83067	-117.958	>>-7.54887	-122.533
-7.54887	-122.533	>>-8.78292	-124.311
-8.78292	-124.311	>>-9.16537	-119.647
-9.16537	-119.647	>>-7.55151	-120.788
-7.55151	-120.788	>>-6.15401	-118.965
-6.15401	-118.965	>>-6.94328	-114.427
-6.94328	-114.427	>>-9.24191	-115.658
-9.24191	-115.658	>>-9.00579	-117.823
-9.00579	-117.823	>>-11.5074	-117.973
-11.5074	-117.973	>>-10.4438	-118.24
-10.4438	-118.24	>>-10.8211	-120.37
-10.8211	-120.37	>>-12.0866	-119.677
-12.0866	-119.677	>>-9.90333	-121.471
-9.90333	-121.471	>>-10.8049	-124.731
-10.8049	-124.731	>>-10.5807	-119.078
-10.5807	-119.078	>>-12.9061	-120.923
-12.9061	-120.923	>>-15.002	-122.736
-15.002	-122.736	>>-14.4451	-122.813
-14.4451	-122.813	>>-12.365	-124.396
-12.365	-124.396	>>-10.4292	-123.481
-10.4292	-123.481	>>-9.76323	-120.903
-9.76323	-120.903	>>-9.91523	-122.719
-9.91523	-122.719	>>-8.9134	-119.847
-8.9134	-119.847	>>-11.391	-118.55
-11.391	-118.55	>>-12.7881	-115.2
-12.7881	-115.2	>>-12.4085	-110.491
-12.4085	-110.491	>>-12.1088	-107.13
-12.1088	-107.13	>>-9.61577	-107.105
-9.61577	-107.105	>>-11.9537	-108.376
-11.9537	-108.376	>>-14.9329	-108.274
-14.9329	-108.274	>>-15.7745	-105.777
-15.7745	-105.777	>>-15.9022	-99.8073
-15.9022	-99.8073	>>-17.556	-96.9395
-17.556	-96.9395	>>-15.5002	-98.4097
-15.5002	-98.4097	>>-12.6532	-98.4131
-12.6532	-98.4131	>>-10.9882	-100.493
-10.9882	-100.493	>>-11.2535	-100.952
-11.2535	-100.952	>>-11.2705	-96.0166
-11.2705	-96.0166	>>-11.3337	-89.8542
-11.3337	-89.8542	>>-9.89362	-91.5847
-9.89362	-91.5847	>>-7.79249	-93.683
-7.79249	-93.683	>>-7.24567	-89.9396
-7.24567	-89.9396	>>-7.37242	-85.6663
-7.37242	-85.6663	>>-9.20746	-87.6522
-9.20746	-87.6522	>>-8.3363	-89.3176
-8.3363	-89.3176	>>-7.18373	-93.1192
-7.18373	-93.1192	>>-5.82734	-92.3413
-5.82734	-92.3413	>>-7.08426	-89.7427
-7.08426	-89.7427	>>-6.83129	-92.8766
-6.83129	-92.8766	>>-8.27977	-92.6387
-8.27977	-92.6387	>>-8.75938	-93.3088
-8.75938	-93.3088	>>-8.81758	-88.4193
-8.81758	-88.4193	>>-9.8399	-91.1281
-9.8399	-91.1281	>>-8.24384	-91.2592
-8.24384	-91.2592	>>-8.26931	-97.5261
-8.26931	-97.5261	>>-8.36001	-91.5088
-8.36001	-91.5088	>>-8.57232	-86.6754
-8.57232	-86.6754	>>-10.8817	-85.1875
-10.8817	-85.1875	>>-9.29377	-82.3782
-9.29377	-82.3782	>>-8.53672	-82.5177
-8.53672	-82.5177	>>-9.21442	-83.9357
-9.21442	-83.9357	>>-9.787	-79.9896
-9.787	-79.9896	>>-9.86888	-85.9867
-9.86888	-85.9867	>>-10.2121	-90.4736
-10.2121	-90.4736	>>-10.4851	-84.8408
-10.4851	-84.8408	>>-7.65216	-85.1194
-7.65216	-85.1194	>>-9.53885	-85.8006
-9.53885	-85.8006	>>-7.71749	-84.5245
-7.71749	-84.5245	>>-7.93927	-90.4916
-7.93927	-90.4916	>>-8.24143	-92.7975
-8.24143	-92.7975	>>-8.39187	-98.1951
-8.39187	-98.1951	>>-9.9085	-101.073
-9.9085	-101.073	>>-7.86584	-103.326
-7.86584	-103.326	>>-9.5122	-100.387
-9.5122	-100.387	>>-6.41159	-100.431
-6.41159	-100.431	>>-4.4227	-98.4427
-4.4227	-98.4427	>>-2.62273	-96.3638
-2.62273	-96.3638	>>-0.325496	-95.4794
-0.325496	-95.4794	>>0.0195643	-90.1797
0.0195643	-90.1797	>>2.41963	-89.7298
2.41963	-89.7298	>>1.71562	-86.8431
1.71562	-86.8431	>>2.24624	-89.5906
2.24624	-89.5906	>>2.22408	-92.5747
2.22408	-92.5747	>>2.55621	-96.5447
2.55621	-96.5447	>>1.00737	-94.6364
1.00737	-94.6364	>>4.10721	-94.6132
4.10721	-94.6132	>>6.47317	-95.4346
6.47317	-95.4346	>>8.75263	-96.1021
8.75263	-96.1021	>>8.89696	-93.9452
8.89696	-93.9452	>>7.26756	-91.1777
7.26756	-91.1777	>>6.91745	-87.6591
6.91745	-87.6591	>>9.44241	-88.7715
9.44241	-88.7715	>>10.2358	-86.5958
10.2358	-86.5958	>>10.4044	-89.2056
10.4044	-89.2056	>>9.00314	-86.319
9.00314	-86.319	>>6.61295	-86.2329
6.61295	-86.2329	>>6.11903	-90.1685
6.11903	-90.1685	>>8.02892	-88.1847
8.02892	-88.1847	>>10.2759	-87.465
10.2759	-87.465	>>10.5344	-92.8932
10.5344	-92.8932	>>13.5006	-92.671
13.5006	-92.671	>>10.8701	-92.6817
10.8701	-92.6817	>>12.5512	-95.451
12.5512	-95.451	>>14.2546	-93.9052
14.2546	-93.9052	>>14.4308	-95.8607
14.4308	-95.8607	>>17.2729	-95.2241
17.2729	-95.2241	>>17.0974	-89.4724
17.0974	-89.4724	>>16.2423	-92.7803
16.2423	-92.7803	>>16.2225	-86.8199
16.2225	-86.8199	>>15.8814	-82.5773
15.8814	-82.5773	>>17.8409	-79.956
17.8409	-79.956	>>16.906	-75.6427
16.906	-75.6427	>>19.5038	-76.1956
19.5038	-76.1956	>>17.5232	-76.3057
17.5232	-76.3057	>>19.5157	-77.0384
19.5157	-77.0384	>>18.0703	-76.4729
18.0703	-76.4729	>>17.1347	-78.9399
17.1347	-78.9399	>>15.7581	-82.1529
15.7581	-82.1529	>>16.0005	-83.9347
16.0005	-83.9347	>>13.7025	-83.947
13.7025	-83.947	>>14.2151	-79.4712
14.2151	-79.4712	>>14.0078	-85.0574
14.0078	-85.0574	>>16.0754	-85.3002
16.0754	-85.3002	>>14.4557	-82.8826
14.4557	-82.8826	>>17.4879	-82.9378
17.4879	-82.9378	>>19.6978	-83.2538
19.6978	-83.2538	>>19.7416	-89.1983
19.7416	-89.1983	>>19.7008	-93.9433
19.7008	-93.9433	>>20.2638	-89.6706
20.2638	-89.6706	>>19.953	-86.6179
19.953	-86.6179	>>22.9736	-86.341
22.9736	-86.341	>>20.1417	-86.8307
20.1417	-86.8307	>>18.5293	-83.9973
18.5293	-83.9973	>>18.6341	-82.8544
18.6341	-82.8544	>>20.5831	-84.3376
20.5831	-84.3376	>>22.9647	-85.9304
22.9647	-85.9304	>>20.5974	-85.112
20.5974	-85.112	>>18.1183	-84.3014
18.1183	-84.3014	>>16.7677	-80.7528
16.7677	-80.7528	>>16.752	-86.992
16.752	-86.992	>>16.7381	-80.796
16.7381	-80.796	>>16.8125	-86.2463
16.8125	-86.2463	>>16.8726	-92.0142
16.8726	-92.0142	>>17.2739	-87.5369
17.2739	-87.5369	>>17.02	-93.2537
17.02	-93.2537	>>16.8778	-92.4659
16.8778	-92.4659	>>15.9116	-88.6182
15.9116	-88.6182	>>18.6212	-88.1272
18.6212	-88.1272	>>16.4173	-87.9753
16.4173	-87.9753	>>17.2668	-90.8768
17.2668	-90.8768	>>17.6954	-90.6266
17.6954	-90.6266	>>16.7326	-90.3744
16.7326	-90.3744	>>16.9771	-90.8163
16.9771	-90.8163	>>14.6677	-91.4632
14.6677	-91.4632	>>15.3217	-86.7396
15.3217	-86.7396	>>15.1318	-81.1913
15.1318	-81.1913	>>16.5102	-77.9681
16.5102	-77.9681	>>17.7298	-77.6099
17.7298	-77.6099	>>17.4348	-76.0542
17.4348	-76.0542	>>15.5968	-78.0925
15.5968	-78.0925	>>13.2839	-76.4636
13.2839	-76.4636	>>13.6197	-81.7891
13.6197	-81.7891	>>14.6686	-85.6921
14.6686	-85.6921	>>13.7036	-89.5435
13.7036	-89.5435	>>13.2837	-84.2169
13.2837	-84.2169	>>12.9775	-78.7691
12.9775	-78.7691	>>12.2369	-79.6421
12.2369	-79.6421	>>12.3929	-78.6938
12.3929	-78.6938	>>10.7605	-75.8797
10.7605	-75.8797	>>10.4551	-75.9065
10.4551	-75.9065	>>13.2638	-76.4763
13.2638	-76.4763	>>13.3729	-82.329
13.3729	-82.329	>>15.266	-79.6369
15.266	-79.6369	>>14.8581	-79.0958
14.8581	-79.0958	>>16.7713	-77.0598
16.7713	-77.0598	>>17.1241	-72.2531
17.1241	-72.2531	>>17.0395	-67.8389
17.0395	-67.8389	>>14.3266	-67.0763
14.3266	-67.0763	>>13.0662	-70.5556
13.0662	-70.5556	>>14.8863	-72.5981
14.8863	-72.5981	>>17.1846	-70.9917
17.1846	-70.9917	>>17.0638	-76.6692
17.0638	-76.6692	>>19.4881	-75.5111
19.4881	-75.5111	>>19.0509	-75.9791
19.0509	-75.9791	>>18.283	-77.8484
18.283	-77.8484	>>18.9847	-75.4739
18.9847	-75.4739	>>17.9726	-74.9155
17.9726	-74.9155	>>15.2556	-74.4525
15.2556	-74.4525	>>15.3726	-79.4108
15.3726	-79.4108	>>17.4052	-81.1095
17.4052	-81.1095	>>14.8012	-82.0086
14.8012	-82.0086	>>14.9175	-76.0557
14.9175	-76.0557	>>16.706	-73.554
16.706	-73.554	>>16.2275	-68.6225
16.2275	-68.6225	>>16.572	-69.2108
16.572	-69.2108	>>15.2558	-71.5423
15.2558	-71.5423	>>15.148	-77.141
15.148	-77.141	>>16.9108	-76.451
16.9108	-76.451	>>15.3438	-73.8531
15.3438	-73.8531	>>17.1016	-72.1184
17.1016	-72.1184	>>19.5553	-72.6628
19.5553	-72.6628	>>16.9606	-73.5205
16.9606	-73.5205	>>17.7423	-72.012
17.7423	-72.012	>>17.7344	-65.7629
17.7344	-65.7629	>>17.768	-71.9828
17.768	-71.9828	>>17.6711	-65.9837
17.6711	-65.9837	>>17.957	-60.6558
17.957	-60.6558	>>20.7827	-61.1905
20.7827	-61.1905	>>21.2843	-65.4235
21.2843	-65.4235	>>21.9135	-68.6088
21.9135	-68.6088	>>24.5946	-67.7526
24.5946	-67.7526	>>24.6779	-71.2693
24.6779	-71.2693	>>24.9861	-76.8253
24.9861	-76.8253	>>22.4417	-77.1722
22.4417	-77.1722	>>19.9819	-76.0343
19.9819	-76.0343	>>21.2906	-75.3676
21.2906	-75.3676	>>22.1747	-74.4197
22.1747	-74.4197	>>21.0375	-77.0922
21.0375	-77.0922	>>23.8141	-77.7618
23.8141	-77.7618	>>23.6198	-83.5194
23.6198	-83.5194	>>23.083	-79.2963
23.083	-79.2963	>>21.6135	-76.5808
21.6135	-76.5808	>>19.6512	-74.1981
19.6512	-74.1981	>>18.5907	-78.0531
18.5907	-78.0531	>>16.9872	-75.2661
16.9872	-75.2661	>>16.3583	-75.7667
16.3583	-75.7667	>>16.7843	-70.9376
16.7843	-70.9376	>>16.2419	-66.8744
16.2419	-66.8744	>>16.1809	-66.4289
16.1809	-66.4289	>>15.2221	-69.7156
15.2221	-69.7156	>>15.411	-64.275
15.411	-64.275	>>16.2498	-61.0469
16.2498	-61.0469	>>16.1971	-66.4738
16.1971	-66.4738	>>15.8956	-71.959
15.8956	-71.959	>>14.6401	-68.7497
14.6401	-68.7497	>>14.6333	-73.5796
14.6333	-73.5796	>>12.9256	-70.8195
12.9256	-70.8195	>>10.7435	-72.7702
10.7435	-72.7702	>>10.7509	-78.9318
10.7509	-78.9318	>>10.6625	-75.1302
10.6625	-75.1302	>>9.10947	-75.1454
9.10947	-75.1454	>>11.3958	-74.3813
11.3958	-74.3813	>>13.9388	-74.4408
13.9388	-74.4408	>>11.9429	-72.8104
11.9429	-72.8104	>>9.89598	-74.5032
9.89598	-74.5032	>>9.99702	-70.6856
9.99702	-70.6856	>>12.2712	-70.7612
12.2712	-70.7612	>>12.3431	-64.555
12.3431	-64.555	>>11.1857	-68.7914
11.1857	-68.7914	>>10.6176	-63.6092
10.6176	-63.6092	>>8.40738	-62.5168
8.40738	-62.5168	>>7.84646	-65.9297
7.84646	-65.9297	>>6.40117	-62.9125
6.40117	-62.9125	>>8.72778	-64.3623
8.72778	-64.3623	>>9.06277	-65.7356
9.06277	-65.7356	>>9.57959	-63.3941
9.57959	-63.3941	>>12.21	-62.8641
12.21	-62.8641	>>11.5305	-61.6582
11.5305	-61.6582	>>8.72949	-62.0724
8.72949	-62.0724	>>8.4881	-57.9501
8.4881	-57.9501	>>10.3299	-58.3118
10.3299	-58.3118	>>11.4486	-54.1499
11.4486	-54.1499	>>8.58569	-53.6576
8.58569	-53.6576	>>6.15948	-54.7512
6.15948	-54.7512	>>6.13551	-49.4676
6.13551	-49.4676	>>5.34646	-53.6789
5.34646	-53.6789	>>3.89015	-50.7021
3.89015	-50.7021	>>5.2967	-53.848
5.2967	-53.848	>>6.24216	-51.4974
6.24216	-51.4974	>>6.2403	-57.7389
6.2403	-57.7389	>>6.2532	-51.6003
6.2532	-51.6003	>>6.09914	-53.8866
6.09914	-53.8866	>>3.63315	-54.1894
3.63315	-54.1894	>>2.23188	-57.3533
2.23188	-57.3533	>>1.98286	-55.2958
1.98286	-55.2958	>>0.280101	-55.884
0.280101	-55.884	>>0.96292	-56.1893
0.96292	-56.1893	>>3.08967	-57.172
3.08967	-57.172	>>5.2508	-55.4839
5.2508	-55.4839	>>5.2738	-61.5422
5.2738	-61.5422	>>4.98815	-67.0857
4.98815	-67.0857	>>7.75188	-66.8391
7.75188	-66.8391	>>7.62977	-69.9283
7.62977	-69.9283	>>9.26048	-67.3193
9.26048	-67.3193	>>9.4938	-62.9893
9.4938	-62.9893	>>9.91644	-63.2292
9.91644	-63.2292	>>10.6333	-66.2113
10.6333	-66.2113	>>9.68428	-70.1897
9.68428	-70.1897	>>8.88033	-74.1111
8.88033	-74.1111	>>11.2051	-73.103
11.2051	-73.103	>>11.955	-75.1135
11.955	-75.1135	>>14.9661	-74.7533
14.9661	-74.7533	>>14.8367	-76.0822
14.8367	-76.0822	>>16.306	-73.0459
16.306	-73.0459	>>15.665	-78.1792
15.665	-78.1792	>>14.4885	-81.3099
14.4885	-81.3099	>>16.6336	-80.9599
16.6336	-80.9599	>>17.6115	-77.0184
17.6115	-77.0184	>>17.0775	-73.0265
17.0775	-73.0265	>>17.968	-75.8602
17.968	-75.8602	>>14.9254	-76.1692
14.9254	-76.1692	>>17.3436	-77.5102
17.3436	-77.5102	>>17.1108	-82.7239
17.1108	-82.7239	>>17.8678	-79.0012
17.8678	-79.0012	>>17.9007	-74.3695
17.9007	-74.3695	>>15.3008	-74.8522
15.3008	-74.8522	>>16.3348	-72.8068
16.3348	-72.8068	>>17.434	-68.5013
17.434	-68.5013	>>17.3862	-71.0305
17.3862	-71.0305	>>16.4757	-74.9396
16.4757	-74.9396	>>18.6228	-75.5884
18.6228	-75.5884	>>16.668	-73.4024
16.668	-73.4024	>>18.0431	-71.8878
18.0431	-71.8878	>>15.0831	-72.0523
15.0831	-72.0523	>>16.7151	-74.6485
16.7151	-74.6485	>>16.1541	-76.0629
16.1541	-76.0629	>>17.3612	-79.9264
17.3612	-79.9264	>>19.0345	-82.5715
19.0345	-82.5715	>>21.4174	-83.4773
21.4174	-83.4773	>>22.1989	-86.4067
22.1989	-86.4067	>>21.3723	-88.3704
21.3723	-88.3704	>>23.6214	-87.8241
23.6214	-87.8241	>>25.3873	-90.6291
25.3873	-90.6291	>>22.9419	-90.678
22.9419	-90.678	>>25.2754	-91.9505
25.2754	-91.9505	>>25.6231	-96.7519
25.6231	-96.7519	>>25.6739	-101.135
25.6739	-101.135	>>24.3264	-101.466
24.3264	-101.466	>>24.9575	-106.392
24.9575	-106.392	>>21.9756	-106.136
21.9756	-106.136	>>25.0634	-106.209
25.0634	-106.209	>>26.4803	-104.173
26.4803	-104.173	>>23.9004	-103.775
23.9004	-103.775	>>23.0997	-107.34
23.0997	-107.34	>>20.8507	-105.567
20.8507	-105.567	>>22.2913	-101.953
22.2913	-101.953	>>22.7916	-106.778
22.7916	-106.778	>>22.478	-112.591
22.478	-112.591	>>19.6344	-112.999
19.6344	-112.999	>>19.6668	-108.318
19.6668	-108.318	>>20.7841	-112.143
20.7841	-112.143	>>21.5284	-113.154
21.5284	-113.154	>>18.6621	-113.49
18.6621	-113.49	>>18.8656	-108.243
18.8656	-108.243	>>19.0454	-112.89
19.0454	-112.89	>>16.1116	-113.107
16.1116	-113.107	>>18.3861	-114.271
18.3861	-114.271	>>19.0184	-110.231
19.0184	-110.231	>>19.7482	-109.538
19.7482	-109.538	>>19.7778	-103.795
19.7778	-103.795	>>19.4314	-109.203
19.4314	-109.203	>>17.8213	-107.12
17.8213	-107.12	>>19.2677	-106.402
19.2677	-106.402	>>19.6882	-108.107
19.6882	-108.107	>>18.6178	-106.482
18.6178	-106.482	>>19.1309	-102.426
19.1309	-102.426	>>17.4788	-104.948
17.4788	-104.948	>>19.3646	-105.582
19.3646	-105.582	>>17.5256	-108.261
17.5256	-108.261	>>17.9312	-109.264
17.9312	-109.264	>>17.4313	-111.879
17.4313	-111.879	>>20.3198	-111.858
20.3198	-111.858	>>21.7089	-110.274
21.7089	-110.274	>>21.9166	-116.178
21.9166	-116.178	>>24.0872	-117.97
24.0872	-117.97	>>23.1066	-120.922
23.1066	-120.922	>>21.1123	-122.883
21.1123	-122.883	>>18.7995	-123.058
18.7995	-123.058	>>19.5014	-118.355
19.5014	-118.355	>>22.5434	-118.373
22.5434	-118.373	>>25.5389	-118.53
25.5389	-118.53	>>24.4347	-117.084
24.4347	-117.084	>>21.8961	-118.455
21.8961	-118.455	>>20.5176	-115.379
20.5176	-115.379	>>23.6229	-115.387
23.6229	-115.387	>>25.7796	-115.015
25.7796	-115.015	>>25.9086	-108.894
25.9086	-108.894	>>23.2968	-108.288
23.2968	-108.288	>>23.7628	-102.799
23.7628	-102.799	>>23.5624	-108.146
23.5624	-108.146	>>20.7938	-108.611
20.7938	-108.611	>>21.7266	-107.187
21.7266	-107.187	>>21.4684	-111.273
21.4684	-111.273	>>22.3678	-110.067
22.3678	-110.067	>>20.7263	-113.35
20.7263	-113.35	>>21.0763	-115.671
21.0763	-115.671	>>23.3729	-114.246
23.3729	-114.246	>>23.2636	-109.774
23.2636	-109.774	>>23.3715	-103.689
23.3715	-103.689	>>21.8189	-100.62
21.8189	-100.62	>>23.2224	-99.8799
23.2224	-99.8799	>>22.778	-99.8715
22.778	-99.8715	>>22.133	-100.534
22.133	-100.534	>>22.9692	-104.891
22.9692	-104.891	>>19.9345	-104.72
19.9345	-104.72	>>21.0239	-106.986
21.0239	-106.986	>>20.4689	-107.898
20.4689	-107.898	>>23.4433	-108.166
23.4433	-108.166	>>20.8491	-107.213
20.8491	-107.213	>>21.7069	-111.619
21.7069	-111.619	>>20.965	-110.765
20.965	-110.765	>>20.3692	-112.122
20.3692	-112.122	>>18.1612	-112.571
18.1612	-112.571	>>19.3935	-116.157
19.3935	-116.157	>>17.071	-114.862
17.071	-114.862	>>14.319	-114.25
14.319	-114.25	>>14.317	-108.562
14.317	-108.562	>>13.3512	-112.88
13.3512	-112.88	>>15.291	-112.872
15.291	-112.872	>>16.1851	-112.25
16.1851	-112.25	>>16.183	-106.495
16.183	-106.495	>>16.1081	-112.182
16.1081	-112.182	>>17.8971	-109.77
17.8971	-109.77	>>17.2459	-113.484
17.2459	-113.484	>>17.2497	-119.545
17.2497	-119.545	>>17.2004	-125.049
17.2004	-125.049	>>17.7025	-130.136
17.7025	-130.136	>>16.8811	-130.576
16.8811	-130.576	>>18.8093	-127.883
18.8093	-127.883	>>17.5807	-127.7
17.5807	-127.7	>>16.002	-130.056
16.002	-130.056	>>18.0454	-130.119
18.0454	-130.119	>>21.021	-130.367
21.021	-130.367	>>17.9356	-130.238
17.9356	-130.238	>>18.383	-132.65
18.383	-132.65	>>16.1011	-131.625
16.1011	-131.625	>>18.57	-131.863
18.57	-131.863	>>21.3352	-132.44
21.3352	-132.44	>>22.493	-136.125
22.493	-136.125	>>19.3521	-136.143
19.3521	-136.143	>>17.4413	-135.356
17.4413	-135.356	>>20.3174	-134.672
20.3174	-134.672	>>19.1733	-131.776
19.1733	-131.776	>>18.7403	-126.4
18.7403	-126.4	>>18.8286	-124.82
18.8286	-124.82	>>17.6153	-128.606
17.6153	-128.606	>>15.3978	-127.346
15.3978	-127.346	>>17.8042	-125.796
17.8042	-125.796	>>17.1753	-130.932
17.1753	-130.932	>>16.1711	-134.335
16.1711	-134.335	>>14.9401	-131.37
14.9401	-131.37	>>11.9893	-131.654
11.9893	-131.654	>>14.9183	-131.781
14.9183	-131.781	>>13.8625	-134.702
13.8625	-134.702	>>15.0732	-138.434
15.0732	-138.434	>>13.0338	-140.187
13.0338	-140.187	>>15.216	-139.325
15.216	-139.325	>>14.7551	-135.422
14.7551	-135.422	>>14.5898	-132.248
14.5898	-132.248	>>14.5112	-135.59
14.5112	-135.59	>>11.6918	-135.376
11.6918	-135.376	>>12.7219	-135.708
12.7219	-135.708	>>12.4944	-140.855
12.4944	-140.855	>>15.5331	-140.786
1000-th E = 3.03941
Minimum Founded: -0.0895716
