0.3	0.9	>>-0.711923	-1.29832
-0.711923	-1.29832	>>-0.232708	3.91996
-0.232708	3.91996	>>0.137682	7.58615
0.137682	7.58615	>>-1.59436	5.61395
-1.59436	5.61395	>>1.03889	5.34747
1.03889	5.34747	>>3.88226	5.77175
3.88226	5.77175	>>4.52616	1.77572
4.52616	1.77572	>>3.54754	0.823927
3.54754	0.823927	>>1.16732	-0.187032
1.16732	-0.187032	>>2.21501	3.39338
2.21501	3.39338	>>2.78783	1.61902
2.78783	1.61902	>>1.95504	1.69429
1.95504	1.69429	>>-0.00522029	0.287645
-0.00522029	0.287645	>>1.42588	0.110595
1.42588	0.110595	>>4.22882	-0.221871
4.22882	-0.221871	>>4.33916	5.4701
4.33916	5.4701	>>3.69624	0.409093
3.69624	0.409093	>>2.83459	3.2038
2.83459	3.2038	>>1.91514	-1.49958
1.91514	-1.49958	>>1.90071	1.68442
1.90071	1.68442	>>-0.0118244	-0.97099
-0.0118244	-0.97099	>>-1.13069	-0.546841
-1.13069	-0.546841	>>0.0971316	3.4282
0.0971316	3.4282	>>2.07177	1.02489
2.07177	1.02489	>>1.21566	-1.521
1.21566	-1.521	>>1.36586	-7.53086
1.36586	-7.53086	>>0.548028	-11.973
0.548028	-11.973	>>1.53454	-10.2553
1.53454	-10.2553	>>1.73805	-11.6073
1.73805	-11.6073	>>1.60435	-9.84858
1.60435	-9.84858	>>3.90013	-11.3212
3.90013	-11.3212	>>1.87355	-13.8058
1.87355	-13.8058	>>0.409923	-17.4052
0.409923	-17.4052	>>2.92112	-18.4517
2.92112	-18.4517	>>1.31803	-16.1115
1.31803	-16.1115	>>-0.0532868	-17.429
-0.0532868	-17.429	>>-2.38616	-16.2368
-2.38616	-16.2368	>>-2.76829	-20.247
-2.76829	-20.247	>>-2.75833	-14.0409
-2.75833	-14.0409	>>-2.72604	-19.6836
-2.72604	-19.6836	>>-3.14709	-15.8106
-3.14709	-15.8106	>>-4.50657	-19.648
-4.50657	-19.648	>>-7.51695	-19.5898
-7.51695	-19.5898	>>-10.3485	-19.9126
-10.3485	-19.9126	>>-8.79799	-17.8764
-8.79799	-17.8764	>>-9.63603	-17.6029
-9.63603	-17.6029	>>-11.6897	-19.1843
-11.6897	-19.1843	>>-12.6103	-15.5041
-12.6103	-15.5041	>>-12.7365	-19.5144
-12.7365	-19.5144	>>-12.8021	-25.7273
-12.8021	-25.7273	>>-12.5444	-20.138
-12.5444	-20.138	>>-15.5493	-19.9646
-15.5493	-19.9646	>>-14.2509	-21.6378
-14.2509	-21.6378	>>-14.1712	-22.2528
-14.1712	-22.2528	>>-14.2275	-27.7758
-14.2275	-27.7758	>>-14.3998	-33.7807
-14.3998	-33.7807	>>-13.466	-37.2855
-13.466	-37.2855	>>-12.1508	-38.5184
-12.1508	-38.5184	>>-11.7118	-33.4933
-11.7118	-33.4933	>>-11.6411	-39.5257
-11.6411	-39.5257	>>-12.2958	-44.2257
-12.2958	-44.2257	>>-12.5346	-49.8437
-12.5346	-49.8437	>>-9.68345	-49.2474
-9.68345	-49.2474	>>-9.72805	-43.5364
-9.72805	-43.5364	>>-9.96208	-49.2757
-9.96208	-49.2757	>>-10.9244	-47.8441
-10.9244	-47.8441	>>-13.4659	-46.5904
-13.4659	-46.5904	>>-16.2288	-45.9525
-16.2288	-45.9525	>>-16.5177	-41.0351
-16.5177	-41.0351	>>-17.8532	-41.6831
-17.8532	-41.6831	>>-16.4987	-38.5884
-16.4987	-38.5884	>>-19.3103	-38.563
-19.3103	-38.563	>>-20.0706	-34.2101
-20.0706	-34.2101	>>-18.6863	-36.4863
-18.6863	-36.4863	>>-18.4609	-42.1094
-18.4609	-42.1094	>>-21.4238	-41.7173
-21.4238	-41.7173	>>-22.5194	-44.2909
-22.5194	-44.2909	>>-20.9803	-43.6027
-20.9803	-43.6027	>>-17.9976	-43.8627
-17.9976	-43.8627	>>-21.0981	-43.8423
-21.0981	-43.8423	>>-23.4986	-45.4993
-23.4986	-45.4993	>>-23.4692	-45.4441
-23.4692	-45.4441	>>-21.4918	-44.5727
-21.4918	-44.5727	>>-23.9704	-44.3596
-23.9704	-44.3596	>>-26.9804	-44.0654
-26.9804	-44.0654	>>-24.7068	-44.6238
-24.7068	-44.6238	>>-25.6442	-45.0924
-25.6442	-45.0924	>>-27.4927	-47.3398
-27.4927	-47.3398	>>-24.6618	-47.4785
-24.6618	-47.4785	>>-24.1986	-52.5233
-24.1986	-52.5233	>>-23.8833	-46.7278
-23.8833	-46.7278	>>-23.258	-42.7697
-23.258	-42.7697	>>-23.2436	-48.9337
-23.2436	-48.9337	>>-23.4106	-45.018
-23.4106	-45.018	>>-23.9951	-41.7177
-23.9951	-41.7177	>>-22.7555	-41.5455
-22.7555	-41.5455	>>-22.7506	-47.0239
-22.7506	-47.0239	>>-22.7762	-53.1265
-22.7762	-53.1265	>>-22.3586	-53.3967
-22.3586	-53.3967	>>-20.5251	-52.3813
-20.5251	-52.3813	>>-17.4188	-52.397
-17.4188	-52.397	>>-14.83	-51.7462
-14.83	-51.7462	>>-14.7622	-46.2775
-14.7622	-46.2775	>>-14.8099	-40.2664
-14.8099	-40.2664	>>-15.0275	-34.4882
-15.0275	-34.4882	>>-15.4886	-33.4347
-15.4886	-33.4347	>>-13.2035	-33.1501
-13.2035	-33.1501	>>-12.2545	-34.6536
-12.2545	-34.6536	>>-12.2443	-36.4881
-12.2443	-36.4881	>>-12.2756	-30.3544
-12.2756	-30.3544	>>-11.884	-32.314
-11.884	-32.314	>>-13.5245	-29.232
-13.5245	-29.232	>>-14.2225	-28.3094
-14.2225	-28.3094	>>-14.655	-33.104
-14.655	-33.104	>>-16.4379	-34.7681
-16.4379	-34.7681	>>-15.7906	-37.1227
-15.7906	-37.1227	>>-15.0939	-37.6809
-15.0939	-37.6809	>>-13.0598	-39.7641
-13.0598	-39.7641	>>-13.5822	-42.0542
-13.5822	-42.0542	>>-15.331	-44.5801
-15.331	-44.5801	>>-16.5507	-41.3634
-16.5507	-41.3634	>>-13.5705	-40.9548
-13.5705	-40.9548	>>-12.0204	-43.1265
-12.0204	-43.1265	>>-8.89455	-43.0908
-8.89455	-43.0908	>>-6.69926	-44.9163
-6.69926	-44.9163	>>-5.7633	-47.542
-5.7633	-47.542	>>-5.68095	-53.136
-5.68095	-53.136	>>-7.07687	-52.7091
-7.07687	-52.7091	>>-5.68819	-55.1537
-5.68819	-55.1537	>>-6.88622	-53.4504
-6.88622	-53.4504	>>-8.23366	-56.6328
-8.23366	-56.6328	>>-7.81577	-56.8538
-7.81577	-56.8538	>>-8.94494	-54.9966
-8.94494	-54.9966	>>-9.07117	-57.1134
-9.07117	-57.1134	>>-6.22787	-56.5524
-6.22787	-56.5524	>>-5.90163	-51.4067
-5.90163	-51.4067	>>-8.20698	-52.6058
-8.20698	-52.6058	>>-7.30047	-50.7943
-7.30047	-50.7943	>>-6.83242	-56.0454
-6.83242	-56.0454	>>-6.0395	-60.8125
-6.0395	-60.8125	>>-8.20809	-61.9696
-8.20809	-61.9696	>>-8.54868	-56.4992
-8.54868	-56.4992	>>-8.51692	-58.3843
-8.51692	-58.3843	>>-5.40582	-58.42
-5.40582	-58.42	>>-3.25271	-56.7317
-3.25271	-56.7317	>>-3.24242	-62.742
-3.24242	-62.742	>>-3.21763	-68.9299
-3.21763	-68.9299	>>-3.78161	-65.3235
-3.78161	-65.3235	>>-4.19859	-61.3108
-4.19859	-61.3108	>>-4.9525	-65.8609
-4.9525	-65.8609	>>-7.8777	-65.4217
-7.8777	-65.4217	>>-9.7	-67.6066
-9.7	-67.6066	>>-10.7355	-69.3423
-10.7355	-69.3423	>>-10.3836	-66.4851
-10.3836	-66.4851	>>-9.96163	-62.4198
-9.96163	-62.4198	>>-12.5195	-63.1392
-12.5195	-63.1392	>>-15.5982	-63.0512
-15.5982	-63.0512	>>-17.1685	-66.0891
-17.1685	-66.0891	>>-15.7068	-63.3972
-15.7068	-63.3972	>>-14.8055	-64.6969
-14.8055	-64.6969	>>-14.198	-60.3024
-14.198	-60.3024	>>-14.8722	-65.2237
-14.8722	-65.2237	>>-14.1864	-61.052
-14.1864	-61.052	>>-13.3894	-56.2465
-13.3894	-56.2465	>>-13.4928	-60.2443
-13.4928	-60.2443	>>-13.7159	-60.5262
-13.7159	-60.5262	>>-13.9631	-66.4438
-13.9631	-66.4438	>>-15.9314	-67.4803
-15.9314	-67.4803	>>-16.6208	-69.9801
-16.6208	-69.9801	>>-16.0399	-74.0928
-16.0399	-74.0928	>>-13.2208	-73.3921
-13.2208	-73.3921	>>-13.8748	-72.4594
-13.8748	-72.4594	>>-14.925	-76.1933
-14.925	-76.1933	>>-13.1238	-74.1587
-13.1238	-74.1587	>>-11.0218	-75.713
-11.0218	-75.713	>>-9.6221	-76.4529
-9.6221	-76.4529	>>-8.32359	-79.9117
-8.32359	-79.9117	>>-7.14846	-77.7321
-7.14846	-77.7321	>>-6.71427	-82.5701
-6.71427	-82.5701	>>-7.32727	-86.759
-7.32727	-86.759	>>-7.17244	-92.3068
-7.17244	-92.3068	>>-8.19202	-96.7215
-8.19202	-96.7215	>>-7.76678	-102.076
-7.76678	-102.076	>>-7.57795	-106.021
-7.57795	-106.021	>>-8.30271	-108.918
-8.30271	-108.918	>>-7.50542	-106.21
-7.50542	-106.21	>>-9.03448	-106.03
-9.03448	-106.03	>>-7.90345	-104.745
-7.90345	-104.745	>>-7.74756	-101.192
-7.74756	-101.192	>>-7.8449	-96.761
-7.8449	-96.761	>>-8.07683	-91.5792
-8.07683	-91.5792	>>-5.70648	-89.8406
-5.70648	-89.8406	>>-4.85072	-86.963
-4.85072	-86.963	>>-5.64897	-91.3359
-5.64897	-91.3359	>>-3.93809	-88.6711
-3.93809	-88.6711	>>-1.53797	-87.4955
-1.53797	-87.4955	>>-1.36348	-88.969
-1.36348	-88.969	>>-0.611856	-84.6966
-0.611856	-84.6966	>>-2.14237	-81.684
-2.14237	-81.684	>>-0.635744	-84.7565
-0.635744	-84.7565	>>-0.461035	-80.027
-0.461035	-80.027	>>-1.46678	-78.5625
-1.46678	-78.5625	>>-3.62407	-77.5862
-3.62407	-77.5862	>>-5.65732	-79.898
-5.65732	-79.898	>>-3.92315	-81.0734
-3.92315	-81.0734	>>-1.74407	-82.9779
-1.74407	-82.9779	>>-1.68489	-88.8923
-1.68489	-88.8923	>>-0.377154	-89.781
-0.377154	-89.781	>>0.451013	-93.9298
0.451013	-93.9298	>>2.78466	-95.044
2.78466	-95.044	>>3.19092	-89.6312
3.19092	-89.6312	>>4.23468	-89.5425
4.23468	-89.5425	>>4.33836	-95.1117
4.33836	-95.1117	>>2.62393	-96.328
2.62393	-96.328	>>4.423	-99.0086
4.423	-99.0086	>>4.11772	-101.927
4.11772	-101.927	>>2.32844	-104.283
2.32844	-104.283	>>2.95643	-99.0815
2.95643	-99.0815	>>5.56092	-98.1092
5.56092	-98.1092	>>2.74186	-97.5031
2.74186	-97.5031	>>2.73947	-91.2328
2.73947	-91.2328	>>2.716	-97.2558
2.716	-97.2558	>>2.75713	-103.393
2.75713	-103.393	>>2.52414	-102.366
2.52414	-102.366	>>5.59173	-102.535
5.59173	-102.535	>>4.49026	-99.3549
4.49026	-99.3549	>>7.5303	-99.2357
7.5303	-99.2357	>>6.98223	-100.389
6.98223	-100.389	>>3.90198	-100.307
3.90198	-100.307	>>2.17453	-103.18
2.17453	-103.18	>>3.21525	-99.9154
3.21525	-99.9154	>>2.70515	-102.553
2.70515	-102.553	>>2.22277	-97.5937
2.22277	-97.5937	>>2.6267	-100.319
2.6267	-100.319	>>4.25505	-103.415
4.25505	-103.415	>>4.42931	-106.053
4.42931	-106.053	>>2.65231	-108.276
2.65231	-108.276	>>3.20667	-113.232
3.20667	-113.232	>>3.3716	-107.427
3.3716	-107.427	>>5.15341	-109.95
5.15341	-109.95	>>4.1566	-113.944
4.1566	-113.944	>>3.09078	-117.728
3.09078	-117.728	>>3.79003	-114.527
3.79003	-114.527	>>4.08344	-108.679
4.08344	-108.679	>>6.17147	-106.879
6.17147	-106.879	>>4.7732	-106.822
4.7732	-106.822	>>4.3369	-110.948
4.3369	-110.948	>>5.38149	-114.99
5.38149	-114.99	>>5.67052	-119.174
5.67052	-119.174	>>4.51268	-122.063
4.51268	-122.063	>>2.28929	-121.691
2.28929	-121.691	>>1.70237	-117.495
1.70237	-117.495	>>1.75511	-111.542
1.75511	-111.542	>>1.85445	-105.913
1.85445	-105.913	>>0.0801345	-103.926
0.0801345	-103.926	>>-2.09158	-105.573
-2.09158	-105.573	>>0.0321155	-103.312
0.0321155	-103.312	>>-2.12494	-102.367
-2.12494	-102.367	>>-4.403	-103.107
-4.403	-103.107	>>-6.85838	-102.093
-6.85838	-102.093	>>-5.10812	-104.269
-5.10812	-104.269	>>-5.71113	-108.151
-5.71113	-108.151	>>-6.5204	-106.553
-6.5204	-106.553	>>-8.43682	-107.217
-8.43682	-107.217	>>-9.6032	-109.367
-9.6032	-109.367	>>-7.0553	-108.733
-7.0553	-108.733	>>-6.4129	-110.788
-6.4129	-110.788	>>-5.2007	-113.777
-5.2007	-113.777	>>-5.55228	-119.529
-5.55228	-119.529	>>-6.60815	-121.466
-6.60815	-121.466	>>-5.58207	-124.958
-5.58207	-124.958	>>-4.17846	-127.528
-4.17846	-127.528	>>-3.68391	-122.098
-3.68391	-122.098	>>-4.96555	-124.322
-4.96555	-124.322	>>-7.36808	-123.428
-7.36808	-123.428	>>-5.76273	-120.786
-5.76273	-120.786	>>-5.82876	-114.984
-5.82876	-114.984	>>-6.11817	-120.31
-6.11817	-120.31	>>-7.73674	-123.598
-7.73674	-123.598	>>-8.07555	-126.06
-8.07555	-126.06	>>-6.12571	-123.855
-6.12571	-123.855	>>-8.33494	-125.228
-8.33494	-125.228	>>-8.74252	-130.333
-8.74252	-130.333	>>-8.52929	-126.868
-8.52929	-126.868	>>-5.4352	-126.702
-5.4352	-126.702	>>-7.04846	-128.657
-7.04846	-128.657	>>-4.27113	-129.293
-4.27113	-129.293	>>-4.10843	-134.825
-4.10843	-134.825	>>-6.1376	-137.332
-6.1376	-137.332	>>-7.95175	-140.031
-7.95175	-140.031	>>-6.81473	-141.804
-6.81473	-141.804	>>-7.53291	-137.082
-7.53291	-137.082	>>-10.1865	-137.812
-10.1865	-137.812	>>-11.109	-142.168
-11.109	-142.168	>>-8.96467	-143.977
-8.96467	-143.977	>>-9.83003	-145.275
-9.83003	-145.275	>>-10.2627	-139.94
-10.2627	-139.94	>>-10.1594	-135.635
-10.1594	-135.635	>>-8.39797	-135.97
-8.39797	-135.97	>>-7.49177	-132.575
-7.49177	-132.575	>>-10.0225	-132.368
-10.0225	-132.368	>>-13.1322	-132.502
-13.1322	-132.502	>>-13.0826	-127.871
-13.0826	-127.871	>>-15.8547	-128.212
-15.8547	-128.212	>>-15.0072	-123.955
-15.0072	-123.955	>>-16.6757	-123.725
-16.6757	-123.725	>>-17.1474	-118.522
-17.1474	-118.522	>>-16.6158	-113.613
-16.6158	-113.613	>>-18.9965	-114.525
-18.9965	-114.525	>>-18.0421	-114.658
-18.0421	-114.658	>>-15.2522	-115.233
-15.2522	-115.233	>>-15.2404	-121.278
-15.2404	-121.278	>>-15.3396	-127.288
-15.3396	-127.288	>>-14.6065	-132.147
-14.6065	-132.147	>>-17.0334	-131.318
-17.0334	-131.318	>>-19.3684	-132.235
-19.3684	-132.235	>>-19.7524	-136.708
-19.7524	-136.708	>>-19.7787	-131.498
-19.7787	-131.498	>>-19.7934	-137.644
-19.7934	-137.644	>>-19.0646	-136.596
-19.0646	-136.596	>>-16.3313	-135.573
-16.3313	-135.573	>>-17.4858	-131.998
-17.4858	-131.998	>>-17.3885	-131.442
-17.3885	-131.442	>>-15.8341	-128.596
-15.8341	-128.596	>>-14.4318	-130.814
-14.4318	-130.814	>>-12.4083	-132.742
-12.4083	-132.742	>>-12.6817	-136.11
-12.6817	-136.11	>>-14.0538	-137.498
-14.0538	-137.498	>>-14.1438	-135.426
-14.1438	-135.426	>>-15.7578	-132.715
-15.7578	-132.715	>>-15.7345	-127.227
-15.7345	-127.227	>>-15.8485	-121.355
-15.8485	-121.355	>>-17.5324	-119.751
-17.5324	-119.751	>>-17.4996	-118.483
-17.4996	-118.483	>>-16.8225	-118.466
-16.8225	-118.466	>>-17.3638	-123.429
-17.3638	-123.429	>>-15.8209	-120.687
-15.8209	-120.687	>>-14.9162	-116.993
-14.9162	-116.993	>>-15.1614	-120.112
-15.1614	-120.112	>>-13.4403	-118.93
-13.4403	-118.93	>>-11.2133	-117.581
-11.2133	-117.581	>>-10.5189	-114.079
-10.5189	-114.079	>>-13.1323	-114.525
-13.1323	-114.525	>>-12.4592	-110.028
-12.4592	-110.028	>>-13.5096	-108.506
-13.5096	-108.506	>>-13.7268	-108.883
-13.7268	-108.883	>>-13.1748	-109.105
-13.1748	-109.105	>>-11.7074	-107.358
-11.7074	-107.358	>>-10.8028	-105.692
-10.8028	-105.692	>>-10.184	-101.522
-10.184	-101.522	>>-9.81954	-95.8994
-9.81954	-95.8994	>>-11.0012	-97.2682
-11.0012	-97.2682	>>-11.7114	-97.3163
-11.7114	-97.3163	>>-11.0827	-92.9381
-11.0827	-92.9381	>>-13.0299	-90.8587
-13.0299	-90.8587	>>-16.0679	-91.1689
-16.0679	-91.1689	>>-13.5992	-92.3897
-13.5992	-92.3897	>>-11.0368	-92.8357
-11.0368	-92.8357	>>-13.747	-93.5964
-13.747	-93.5964	>>-13.8947	-96.1697
-13.8947	-96.1697	>>-11.8489	-94.3255
-11.8489	-94.3255	>>-13.2689	-91.094
-13.2689	-91.094	>>-13.5215	-88.3694
-13.5215	-88.3694	>>-10.405	-88.2571
-10.405	-88.2571	>>-10.1798	-91.7861
-10.1798	-91.7861	>>-10.8067	-97.0365
-10.8067	-97.0365	>>-10.3632	-102.469
-10.3632	-102.469	>>-9.60322	-98.2014
-9.60322	-98.2014	>>-11.0716	-95.2356
-11.0716	-95.2356	>>-10.5531	-97.8845
-10.5531	-97.8845	>>-7.57516	-97.9993
-7.57516	-97.9993	>>-7.54774	-100.849
-7.54774	-100.849	>>-4.6839	-100.136
-4.6839	-100.136	>>-6.0282	-99.7079
-6.0282	-99.7079	>>-4.45744	-100.626
-4.45744	-100.626	>>-7.45915	-100.542
-7.45915	-100.542	>>-8.98022	-99.1183
-8.98022	-99.1183	>>-5.88808	-99.2324
-5.88808	-99.2324	>>-5.3772	-95.3337
-5.3772	-95.3337	>>-3.48366	-97.7432
-3.48366	-97.7432	>>-3.75152	-98.3799
-3.75152	-98.3799	>>-3.68304	-98.3683
-3.68304	-98.3683	>>-2.3156	-97.5287
-2.3156	-97.5287	>>-2.72717	-92.027
-2.72717	-92.027	>>-2.90908	-98.0068
-2.90908	-98.0068	>>-2.68871	-101.402
-2.68871	-101.402	>>-1.48972	-102.981
-1.48972	-102.981	>>-0.750152	-102.594
-0.750152	-102.594	>>-0.838597	-105.347
-0.838597	-105.347	>>-2.31786	-103.205
-2.31786	-103.205	>>-2.96174	-107.844
-2.96174	-107.844	>>-5.75484	-107.183
-5.75484	-107.183	>>-5.75718	-103.301
-5.75718	-103.301	>>-5.78302	-98.0573
-5.78302	-98.0573	>>-5.42048	-102.925
-5.42048	-102.925	>>-3.22294	-101.323
-3.22294	-101.323	>>-3.71962	-105.415
-3.71962	-105.415	>>-3.11398	-108.061
-3.11398	-108.061	>>-1.42315	-104.922
-1.42315	-104.922	>>0.840719	-103.441
0.840719	-103.441	>>-0.355319	-99.7615
-0.355319	-99.7615	>>-0.0895888	-104.7
-0.0895888	-104.7	>>1.50499	-107.279
1.50499	-107.279	>>2.63352	-107.467
2.63352	-107.467	>>3.44364	-103.311
3.44364	-103.311	>>5.51549	-101.654
5.51549	-101.654	>>2.60986	-101.838
2.60986	-101.838	>>4.7206	-103.842
4.7206	-103.842	>>5.15995	-106.672
5.15995	-106.672	>>6.48566	-103.987
6.48566	-103.987	>>7.01104	-104.537
7.01104	-104.537	>>8.40308	-104.938
8.40308	-104.938	>>10.2598	-107.319
10.2598	-107.319	>>10.4832	-102.995
10.4832	-102.995	>>10.6752	-103.654
10.6752	-103.654	>>9.42699	-105.3
9.42699	-105.3	>>11.1052	-102.95
11.1052	-102.95	>>9.69283	-105.932
9.69283	-105.932	>>10.4585	-102.377
10.4585	-102.377	>>13.5162	-102.319
13.5162	-102.319	>>15.8906	-102.761
15.8906	-102.761	>>15.5513	-106.736
15.5513	-106.736	>>15.0228	-108.667
15.0228	-108.667	>>17.698	-108.266
17.698	-108.266	>>17.8797	-114.158
17.8797	-114.158	>>20.03	-115.654
20.03	-115.654	>>22.8998	-115.31
22.8998	-115.31	>>21.1185	-118.155
21.1185	-118.155	>>23.2046	-116.85
23.2046	-116.85	>>22.4559	-114.602
22.4559	-114.602	>>19.5383	-115.199
19.5383	-115.199	>>17.7254	-116.338
17.7254	-116.338	>>18.0708	-119.45
18.0708	-119.45	>>16.4264	-121.53
16.4264	-121.53	>>15.3617	-124.191
15.3617	-124.191	>>13.9395	-120.869
13.9395	-120.869	>>10.9946	-121.178
10.9946	-121.178	>>13.4769	-121.298
13.4769	-121.298	>>15.2312	-120.514
15.2312	-120.514	>>15.2803	-126.707
15.2803	-126.707	>>14.9267	-121.618
14.9267	-121.618	>>17.7712	-121.187
17.7712	-121.187	>>18.1361	-125.3
18.1361	-125.3	>>16.968	-121.3
16.968	-121.3	>>15.1384	-122.358
15.1384	-122.358	>>13.2313	-121.06
13.2313	-121.06	>>13.4167	-125.868
13.4167	-125.868	>>16.1734	-125.386
16.1734	-125.386	>>14.8194	-125.792
14.8194	-125.792	>>14.1039	-130.875
14.1039	-130.875	>>11.6699	-130.643
11.6699	-130.643	>>10.2801	-131.563
10.2801	-131.563	>>9.78985	-136.149
9.78985	-136.149	>>10.6224	-137.622
10.6224	-137.622	>>8.43696	-137.175
8.43696	-137.175	>>6.05274	-135.889
6.05274	-135.889	>>3.16211	-136.123
3.16211	-136.123	>>4.72441	-136.621
4.72441	-136.621	>>4.31968	-135.93
4.31968	-135.93	>>5.41853	-139.248
5.41853	-139.248	>>5.35503	-136.185
5.35503	-136.185	>>3.90225	-133.005
3.90225	-133.005	>>4.0737	-129.389
4.0737	-129.389	>>1.34872	-129.689
1.34872	-129.689	>>0.0242845	-126.248
0.0242845	-126.248	>>0.0990162	-125.297
0.0990162	-125.297	>>-1.29273	-122.138
-1.29273	-122.138	>>-2.02094	-122.729
-2.02094	-122.729	>>-1.20953	-123.51
-1.20953	-123.51	>>-1.10279	-117.441
-1.10279	-117.441	>>-2.82553	-114.804
-2.82553	-114.804	>>-3.67608	-110.26
-3.67608	-110.26	>>-3.49158	-104.655
-3.49158	-104.655	>>-6.39925	-104.759
-6.39925	-104.759	>>-6.13537	-108.47
-6.13537	-108.47	>>-6.91844	-104.192
-6.91844	-104.192	>>-5.13836	-102.018
-5.13836	-102.018	>>-4.67632	-97.2804
-4.67632	-97.2804	>>-4.12059	-91.9451
-4.12059	-91.9451	>>-5.61596	-88.7962
-5.61596	-88.7962	>>-4.29605	-85.1615
-4.29605	-85.1615	>>-5.01424	-87.4843
-5.01424	-87.4843	>>-5.6279	-86.9421
-5.6279	-86.9421	>>-4.13027	-90.1208
-4.13027	-90.1208	>>-1.91603	-89.5901
-1.91603	-89.5901	>>0.493972	-91.1121
0.493972	-91.1121	>>-2.60573	-91.1652
-2.60573	-91.1652	>>-4.82242	-89.5088
-4.82242	-89.5088	>>-4.68102	-95.144
-4.68102	-95.144	>>-6.04928	-94.1491
-6.04928	-94.1491	>>-3.16658	-94.6045
-3.16658	-94.6045	>>-1.56488	-92.8889
-1.56488	-92.8889	>>1.31187	-93.1676
1.31187	-93.1676	>>0.210166	-90.5208
0.210166	-90.5208	>>0.386231	-96.4863
0.386231	-96.4863	>>0.80416	-100.49
0.80416	-100.49	>>0.655311	-94.6801
0.655311	-94.6801	>>-0.636966	-97.7394
-0.636966	-97.7394	>>-0.918416	-93.0686
-0.918416	-93.0686	>>1.12111	-95.2174
1.12111	-95.2174	>>1.99933	-91.3608
1.99933	-91.3608	>>-1.09049	-91.3671
-1.09049	-91.3671	>>-3.77585	-91.9136
-3.77585	-91.9136	>>-4.13898	-94.4501
-4.13898	-94.4501	>>-5.36705	-90.7382
-5.36705	-90.7382	>>-5.66857	-95.2913
-5.66857	-95.2913	>>-4.86312	-90.3757
-4.86312	-90.3757	>>-6.83649	-90.1162
-6.83649	-90.1162	>>-5.30709	-91.0474
-5.30709	-91.0474	>>-5.87304	-85.9797
-5.87304	-85.9797	>>-6.40781	-90.2501
-6.40781	-90.2501	>>-6.40398	-93.6815
-6.40398	-93.6815	>>-8.32277	-95.8288
-8.32277	-95.8288	>>-7.23799	-99.2101
-7.23799	-99.2101	>>-7.07674	-104.5
-7.07674	-104.5	>>-7.09079	-101.594
-7.09079	-101.594	>>-4.59424	-100.12
-4.59424	-100.12	>>-7.24924	-100.558
-7.24924	-100.558	>>-7.17339	-95.6286
-7.17339	-95.6286	>>-5.63386	-95.5293
-5.63386	-95.5293	>>-6.41273	-99.9945
-6.41273	-99.9945	>>-6.23054	-96.7492
-6.23054	-96.7492	>>-6.22544	-102.966
-6.22544	-102.966	>>-6.46697	-97.4969
-6.46697	-97.4969	>>-6.34743	-96.2097
-6.34743	-96.2097	>>-7.18359	-100.539
-7.18359	-100.539	>>-6.54853	-95.3008
-6.54853	-95.3008	>>-4.74702	-93.7189
-4.74702	-93.7189	>>-4.80703	-88.0759
-4.80703	-88.0759	>>-3.98479	-91.7769
-3.98479	-91.7769	>>-5.01575	-91.2001
-5.01575	-91.2001	>>-3.17731	-91.6787
-3.17731	-91.6787	>>-2.02661	-94.9146
-2.02661	-94.9146	>>-4.76204	-94.4749
-4.76204	-94.4749	>>-4.80523	-100.293
-4.80523	-100.293	>>-5.30772	-95.0507
-5.30772	-95.0507	>>-5.91482	-90.1183
-5.91482	-90.1183	>>-3.27412	-90.5895
-3.27412	-90.5895	>>-3.61354	-87.5615
-3.61354	-87.5615	>>-5.31631	-90.6779
-5.31631	-90.6779	>>-6.24534	-93.9293
-6.24534	-93.9293	>>-6.39333	-90.2856
-6.39333	-90.2856	>>-5.35582	-93.9021
-5.35582	-93.9021	>>-3.6033	-92.5465
-3.6033	-92.5465	>>-5.01546	-95.8384
-5.01546	-95.8384	>>-7.82313	-96.1428
-7.82313	-96.1428	>>-6.55159	-95.2428
-6.55159	-95.2428	>>-6.82445	-93.2659
-6.82445	-93.2659	>>-7.08799	-87.7127
-7.08799	-87.7127	>>-5.85772	-90.5558
-5.85772	-90.5558	>>-4.63924	-94.4886
-4.63924	-94.4886	>>-4.34119	-99.2065
-4.34119	-99.2065	>>-5.18243	-103.535
-5.18243	-103.535	>>-4.59977	-98.2032
-4.59977	-98.2032	>>-6.04343	-95.2733
-6.04343	-95.2733	>>-6.9236	-96.9215
-6.9236	-96.9215	>>-9.20864	-98.3658
-9.20864	-98.3658	>>-10.1048	-99.4431
-10.1048	-99.4431	>>-11.7728	-96.7057
-11.7728	-96.7057	>>-11.5879	-91.6445
-11.5879	-91.6445	>>-14.2314	-91.0486
-14.2314	-91.0486	>>-13.9658	-85.7243
-13.9658	-85.7243	>>-12.9996	-84.4819
-12.9996	-84.4819	>>-13.7081	-84.4965
-13.7081	-84.4965	>>-13.6682	-90.5259
-13.6682	-90.5259	>>-14.1891	-95.807
-14.1891	-95.807	>>-15.0186	-100.435
-15.0186	-100.435	>>-17.2988	-99.967
-17.2988	-99.967	>>-16.9542	-94.6516
-16.9542	-94.6516	>>-14.1373	-94.1729
-14.1373	-94.1729	>>-12.3913	-96.6188
-12.3913	-96.6188	>>-14.7572	-96.0605
-14.7572	-96.0605	>>-14.7279	-100.872
-14.7279	-100.872	>>-14.1968	-100.22
-14.1968	-100.22	>>-13.7794	-105.578
-13.7794	-105.578	>>-13.3805	-109.318
-13.3805	-109.318	>>-11.7082	-112.345
-11.7082	-112.345	>>-10.8601	-109.795
-10.8601	-109.795	>>-11.8846	-105.545
-11.8846	-105.545	>>-10.6699	-109.205
-10.6699	-109.205	>>-11.5243	-104.747
-11.5243	-104.747	>>-11.6543	-103.796
-11.6543	-103.796	>>-10.6433	-99.283
-10.6433	-99.283	>>-9.82625	-94.6642
-9.82625	-94.6642	>>-8.62776	-92.3462
-8.62776	-92.3462	>>-6.52183	-90.4825
-6.52183	-90.4825	>>-5.83847	-91.3068
-5.83847	-91.3068	>>-6.8681	-87.0624
-6.8681	-87.0624	>>-5.42068	-90.5379
-5.42068	-90.5379	>>-6.66355	-87.7888
-6.66355	-87.7888	>>-5.86443	-82.8891
-5.86443	-82.8891	>>-7.82701	-83.4249
-7.82701	-83.4249	>>-8.93887	-86.398
-8.93887	-86.398	>>-11.6937	-86.9254
-11.6937	-86.9254	>>-10.7412	-90.1028
-10.7412	-90.1028	>>-11.0021	-92.2069
-11.0021	-92.2069	>>-9.3812	-92.2761
-9.3812	-92.2761	>>-8.66207	-96.3927
-8.66207	-96.3927	>>-6.97284	-97.2388
-6.97284	-97.2388	>>-6.54157	-96.1944
-6.54157	-96.1944	>>-8.51094	-95.0217
-8.51094	-95.0217	>>-9.35377	-95.4435
-9.35377	-95.4435	>>-8.16289	-91.8701
-8.16289	-91.8701	>>-9.87785	-92.5343
-9.87785	-92.5343	>>-8.96388	-96.6038
-8.96388	-96.6038	>>-6.03398	-97.0605
-6.03398	-97.0605	>>-3.90484	-96.0407
-3.90484	-96.0407	>>-2.66334	-99.2272
-2.66334	-99.2272	>>-3.14621	-94.1791
-3.14621	-94.1791	>>-1.60254	-97.0639
-1.60254	-97.0639	>>-3.44948	-99.8514
-3.44948	-99.8514	>>-0.62668	-100.541
-0.62668	-100.541	>>-1.75145	-104.57
-1.75145	-104.57	>>-1.80518	-108.888
-1.80518	-108.888	>>-2.7654	-109.513
-2.7654	-109.513	>>-2.73268	-115.734
-2.73268	-115.734	>>-2.81954	-109.704
-2.81954	-109.704	>>-2.14192	-105.145
-2.14192	-105.145	>>-0.155339	-106.039
-0.155339	-106.039	>>0.701692	-101.292
0.701692	-101.292	>>1.12464	-106.657
1.12464	-106.657	>>3.108	-105.182
3.108	-105.182	>>4.91021	-102.796
4.91021	-102.796	>>3.42291	-105.712
3.42291	-105.712	>>2.1309	-103.201
2.1309	-103.201	>>3.32802	-99.6268
3.32802	-99.6268	>>1.76326	-99.8536
1.76326	-99.8536	>>1.41659	-101.89
1.41659	-101.89	>>4.13307	-102.296
4.13307	-102.296	>>3.01969	-98.2455
3.01969	-98.2455	>>3.19682	-97.4762
3.19682	-97.4762	>>2.92075	-103.024
2.92075	-103.024	>>3.76957	-100.114
3.76957	-100.114	>>4.24792	-98.8644
4.24792	-98.8644	>>4.30502	-97.6427
4.30502	-97.6427	>>3.17679	-96.703
3.17679	-96.703	>>3.90342	-92.2339
3.90342	-92.2339	>>4.43276	-95.6904
4.43276	-95.6904	>>2.45578	-93.9179
2.45578	-93.9179	>>5.07016	-94.7074
5.07016	-94.7074	>>6.49759	-92.4932
6.49759	-92.4932	>>6.76691	-92.5873
6.76691	-92.5873	>>7.15045	-89.3927
7.15045	-89.3927	>>5.43516	-90.1976
5.43516	-90.1976	>>3.64749	-88.3288
3.64749	-88.3288	>>5.15702	-91.345
5.15702	-91.345	>>3.62338	-89.1152
3.62338	-89.1152	>>1.46643	-88.3012
1.46643	-88.3012	>>3.31928	-87.2013
3.31928	-87.2013	>>2.50724	-82.7551
2.50724	-82.7551	>>2.70879	-83.0406
2.70879	-83.0406	>>2.36271	-77.5675
2.36271	-77.5675	>>0.774386	-80.9399
0.774386	-80.9399	>>0.379068	-76.6971
0.379068	-76.6971	>>-1.0662	-73.4656
-1.0662	-73.4656	>>-2.28505	-71.2323
-2.28505	-71.2323	>>-2.41551	-77.1121
-2.41551	-77.1121	>>-5.03802	-76.4022
-5.03802	-76.4022	>>-7.93482	-75.9941
-7.93482	-75.9941	>>-8.14462	-78.4717
-8.14462	-78.4717	>>-8.84499	-73.9471
-8.84499	-73.9471	>>-9.88393	-77.8242
-9.88393	-77.8242	>>-11.7106	-75.1231
-11.7106	-75.1231	>>-12.575	-75.6494
-12.575	-75.6494	>>-15.285	-74.9627
-15.285	-74.9627	>>-15.0187	-69.6815
-15.0187	-69.6815	>>-12.6439	-70.124
-12.6439	-70.124	>>-14.6634	-70.4939
-14.6634	-70.4939	>>-14.5311	-75.8142
-14.5311	-75.8142	>>-12.295	-74.9171
-12.295	-74.9171	>>-11.6207	-72.2083
-11.6207	-72.2083	>>-12.7964	-68.614
-12.7964	-68.614	>>-11.997	-69.8189
-11.997	-69.8189	>>-14.386	-69.7357
-14.386	-69.7357	>>-14.7979	-73.7396
-14.7979	-73.7396	>>-14.6889	-67.8533
-14.6889	-67.8533	>>-13.4675	-65.9374
-13.4675	-65.9374	>>-11.3039	-65.0959
-11.3039	-65.0959	>>-12.1918	-62.6349
-12.1918	-62.6349	>>-10.9871	-62.9936
-10.9871	-62.9936	>>-11.2376	-63.4951
-11.2376	-63.4951	>>-11.2587	-57.2846
-11.2587	-57.2846	>>-11.228	-63.1241
-11.228	-63.1241	>>-10.6967	-62.6662
-10.6967	-62.6662	>>-11.6743	-60.0645
-11.6743	-60.0645	>>-12.7804	-64.1549
-12.7804	-64.1549	>>-12.3163	-62.2573
-12.3163	-62.2573	>>-12.2081	-67.9962
-12.2081	-67.9962	>>-12.2514	-61.9692
-12.2514	-61.9692	>>-12.2785	-56.3175
-12.2785	-56.3175	>>-11.9323	-60.687
-11.9323	-60.687	>>-9.92657	-58.9862
-9.92657	-58.9862	>>-10.4031	-61.7038
-10.4031	-61.7038	>>-11.7838	-64.5774
-11.7838	-64.5774	>>-11.3163	-68.3471
-11.3163	-68.3471	>>-10.2077	-70.6578
-10.2077	-70.6578	>>-9.36545	-72.7342
-9.36545	-72.7342	>>-9.76269	-77.2732
-9.76269	-77.2732	>>-9.80623	-71.1753
-9.80623	-71.1753	>>-9.00474	-67.9978
-9.00474	-67.9978	>>-9.09232	-67.8117
-9.09232	-67.8117	>>-10.9672	-70.4177
-10.9672	-70.4177	>>-13.5921	-71.003
-13.5921	-71.003	>>-13.6931	-74.4353
-13.6931	-74.4353	>>-12.8285	-78.2033
-12.8285	-78.2033	>>-12.0542	-73.7969
-12.0542	-73.7969	>>-13.7162	-75.6095
-13.7162	-75.6095	>>-14.4594	-77.1774
-14.4594	-77.1774	>>-16.8427	-78.0671
-16.8427	-78.0671	>>-15.6145	-81.7946
-15.6145	-81.7946	>>-14.3249	-78.1576
-14.3249	-78.1576	>>-15.5493	-80.061
-15.5493	-80.061	>>-17.6445	-81.52
-17.6445	-81.52	>>-18.143	-86.3824
-18.143	-86.3824	>>-20.1667	-86.2358
-20.1667	-86.2358	>>-19.8734	-91.5186
-19.8734	-91.5186	>>-19.3804	-95.9386
-19.3804	-95.9386	>>-17.8277	-93.0592
-17.8277	-93.0592	>>-16.8896	-97.3694
-16.8896	-97.3694	>>-19.2352	-96.834
-19.2352	-96.834	>>-19.5749	-100.251
-19.5749	-100.251	>>-19.5536	-97.4065
-19.5536	-97.4065	>>-16.7887	-98.0835
-16.7887	-98.0835	>>-16.217	-101.446
-16.217	-101.446	>>-16.6831	-96.9111
-16.6831	-96.9111	>>-15.4506	-99.0946
-15.4506	-99.0946	>>-18.197	-98.2699
-18.197	-98.2699	>>-18.4734	-104.102
-18.4734	-104.102	>>-21.4289	-103.746
-21.4289	-103.746	>>-21.5595	-106.444
-21.5595	-106.444	>>-19.6527	-108.102
-19.6527	-108.102	>>-21.4579	-109.872
-21.4579	-109.872	>>-18.455	-110.032
-18.455	-110.032	>>-19.63	-108.379
-19.63	-108.379	>>-17.4121	-108.34
-17.4121	-108.34	>>-15.0462	-109.941
-15.0462	-109.941	>>-17.0848	-108.689
-17.0848	-108.689	>>-15.1692	-110.838
-15.1692	-110.838	>>-16.6097	-113.608
-16.6097	-113.608	>>-19.0363	-114.717
-19.0363	-114.717	>>-17.7785	-115.974
-17.7785	-115.974	>>-17.9266	-121.691
-17.9266	-121.691	>>-16.0444	-119.764
-16.0444	-119.764	>>-16.5934	-121.48
-16.5934	-121.48	>>-15.9228	-124.785
-15.9228	-124.785	>>-17.0847	-122.062
-17.0847	-122.062	>>-15.1375	-119.67
-15.1375	-119.67	>>-13.3554	-121.981
-13.3554	-121.981	>>-12.9129	-117.255
-12.9129	-117.255	>>-13.0915	-113.987
-13.0915	-113.987	>>-13.5176	-110.657
-13.5176	-110.657	>>-16.3934	-110.423
-16.3934	-110.423	>>-14.4221	-108.405
-14.4221	-108.405	>>-11.8885	-107.493
-11.8885	-107.493	>>-12.0834	-111.499
-12.0834	-111.499	>>-12.1195	-108.367
-12.1195	-108.367	>>-14.4705	-109.067
-14.4705	-109.067	>>-16.7711	-108.25
-16.7711	-108.25	>>-16.7708	-102.037
-16.7708	-102.037	>>-16.6304	-107.758
-16.6304	-107.758	>>-16.4042	-103.172
-16.4042	-103.172	>>-18.5159	-104.944
-18.5159	-104.944	>>-16.478	-105.394
-16.478	-105.394	>>-13.4697	-105.243
-13.4697	-105.243	>>-13.7539	-106.418
-13.7539	-106.418	>>-13.7346	-109.332
-13.7346	-109.332	>>-13.3916	-105.758
-13.3916	-105.758	>>-13.14	-109.709
-13.14	-109.709	>>-12.1119	-113.755
-12.1119	-113.755	>>-12.2652	-117.816
-12.2652	-117.816	>>-12.1155	-122.298
-12.1155	-122.298	>>-13.4808	-125.877
-13.4808	-125.877	>>-10.3769	-125.906
-10.3769	-125.906	>>-8.36252	-124.5
-8.36252	-124.5	>>-8.35849	-119.735
-8.35849	-119.735	>>-8.72254	-124.453
-8.72254	-124.453	>>-8.37036	-129.381
-8.37036	-129.381	>>-6.29422	-129.311
-6.29422	-129.311	>>-5.76573	-133.933
-5.76573	-133.933	>>-5.92361	-137.789
-5.92361	-137.789	>>-7.21029	-135.15
-7.21029	-135.15	>>-6.38266	-136.675
-6.38266	-136.675	>>-8.21155	-138.93
-8.21155	-138.93	>>-8.86625	-135.367
-8.86625	-135.367	>>-10.8777	-134.62
-10.8777	-134.62	>>-8.6937	-135.174
-8.6937	-135.174	>>-9.65686	-132.08
-9.65686	-132.08	>>-11.1945	-135.138
-11.1945	-135.138	>>-10.0447	-135.711
-10.0447	-135.711	>>-8.61189	-137.191
-8.61189	-137.191	>>-10.2775	-134.384
-10.2775	-134.384	>>-9.83799	-134.041
-9.83799	-134.041	>>-9.06331	-138.838
-9.06331	-138.838	>>-11.6879	-140.057
-11.6879	-140.057	>>-12.5335	-144.659
-12.5335	-144.659	>>-15.3533	-144.198
-15.3533	-144.198	>>-16.4558	-147.977
-16.4558	-147.977	>>-15.5927	-146.365
-15.5927	-146.365	>>-12.9371	-145.718
-12.9371	-145.718	>>-11.8226	-143.557
-11.8226	-143.557	>>-10.9783	-148.048
-10.9783	-148.048	>>-9.20957	-148.777
-9.20957	-148.777	>>-9.49925	-154.629
-9.49925	-154.629	>>-12.6338	-154.629
-12.6338	-154.629	>>-14.799	-154.685
-14.799	-154.685	>>-14.1748	-150.864
-14.1748	-150.864	>>-15.6764	-152.003
-15.6764	-152.003	>>-15.7261	-157.618
-15.7261	-157.618	>>-16.2914	-158.59
-16.2914	-158.59	>>-16.9352	-155.657
-16.9352	-155.657	>>-14.3159	-154.834
-14.3159	-154.834	>>-13.2916	-157.947
-13.2916	-157.947	>>-12.8516	-153.41
-12.8516	-153.41	>>-14.4752	-155.253
-14.4752	-155.253	>>-14.3469	-156.226
-14.3469	-156.226	>>-14.8494	-161.044
-14.8494	-161.044	>>-13.9314	-165.542
-13.9314	-165.542	>>-12.5239	-167.89
-12.5239	-167.89	>>-9.45797	-168.004
-9.45797	-168.004	>>-9.60525	-166.366
-9.60525	-166.366	>>-7.08327	-165.69
-7.08327	-165.69	>>-5.18157	-167.829
-5.18157	-167.829	>>-6.35412	-171.232
-6.35412	-171.232	>>-6.7769	-175.995
-6.7769	-175.995	>>-6.80202	-182.136
-6.80202	-182.136	>>-5.8965	-181.672
-5.8965	-181.672	>>-3.86584	-179.77
-3.86584	-179.77	>>-4.36161	-175.165
-4.36161	-175.165	>>-6.07186	-177.201
-6.07186	-177.201	>>-4.4108	-179.329
-4.4108	-179.329	>>-2.22579	-181.32
-2.22579	-181.32	>>-2.669	-185.548
-2.669	-185.548	>>-3.5897	-190.239
-3.5897	-190.239	>>-3.9625	-186.954
-3.9625	-186.954	>>-5.61933	-188.128
-5.61933	-188.128	>>-7.98269	-188.242
-7.98269	-188.242	>>-7.6668	-187.57
-7.6668	-187.57	>>-8.93578	-191.309
-8.93578	-191.309	>>-10.8655	-189.395
-10.8655	-189.395	>>-12.8105	-190.293
-12.8105	-190.293	>>-13.3659	-185.128
-13.3659	-185.128	>>-15.3797	-185.012
-15.3797	-185.012	>>-15.7166	-180.726
-15.7166	-180.726	>>-15.944	-175.004
-15.944	-175.004	>>-15.7862	-177.168
-15.7862	-177.168	>>-15.2605	-174.377
-15.2605	-174.377	>>-15.1524	-174.62
-15.1524	-174.62	>>-13.2673	-174.006
-13.2673	-174.006	>>-13.286	-167.768
-13.286	-167.768	>>-13.1476	-173.799
-13.1476	-173.799	>>-14.2861	-178.064
-14.2861	-178.064	>>-14.7245	-173.541
-14.7245	-173.541	>>-15.0199	-179.111
-15.0199	-179.111	>>-11.9411	-178.926
-11.9411	-178.926	>>-14.2665	-180.157
-14.2665	-180.157	>>-14.4754	-182.26
-14.4754	-182.26	>>-14.0814	-183.223
-14.0814	-183.223	>>-13.1425	-186.043
-13.1425	-186.043	>>-12.0839	-181.706
-12.0839	-181.706	>>-10.6288	-184.28
-10.6288	-184.28	>>-9.80531	-179.96
-9.80531	-179.96	>>-10.2787	-184.931
-10.2787	-184.931	>>-9.92327	-181.25
-9.92327	-181.25	>>-9.92564	-178.346
-9.92564	-178.346	>>-12.5007	-177.168
-12.5007	-177.168	>>-15.1873	-177.155
-15.1873	-177.155	>>-13.9832	-178.961
-13.9832	-178.961	>>-15.4345	-179.525
-15.4345	-179.525	>>-16.3173	-177.096
-16.3173	-177.096	>>-17.4359	-174.705
-17.4359	-174.705	>>-18.9679	-176.692
-18.9679	-176.692	>>-16.9405	-175.807
-16.9405	-175.807	>>-18.8299	-173.984
-18.8299	-173.984	>>-19.1088	-179.301
-19.1088	-179.301	>>-20.6081	-182.614
-20.6081	-182.614	>>-23.0875	-183.422
-23.0875	-183.422	>>-25.3605	-181.783
-25.3605	-181.783	>>-24.5877	-186.316
-24.5877	-186.316	>>-22.569	-183.96
-22.569	-183.96	>>-21.1655	-186.178
-21.1655	-186.178	>>-19.8518	-189.261
-19.8518	-189.261	>>-20.0887	-184.238
-20.0887	-184.238	>>-19.663	-187.476
-19.663	-187.476	>>-19.1603	-192.494
-19.1603	-192.494	>>-19.2944	-187.24
-19.2944	-187.24	>>-19.3918	-193.165
-19.3918	-193.165	>>-21.4823	-194.828
-21.4823	-194.828	>>-18.8992	-195.251
-18.8992	-195.251	>>-18.9165	-191.543
-18.9165	-191.543	>>-17.5489	-194.339
-17.5489	-194.339	>>-14.8283	-193.407
-14.8283	-193.407	>>-16.1155	-195.217
-16.1155	-195.217	>>-15.1448	-198.919
-15.1448	-198.919	>>-16.8546	-196.602
-16.8546	-196.602	>>-15.0882	-198.291
-15.0882	-198.291	>>-16.4176	-201.267
-16.4176	-201.267	>>-15.8399	-204.335
-15.8399	-204.335	>>-17.2442	-201.52
-17.2442	-201.52	>>-17.1928	-195.351
-17.1928	-195.351	>>-18.3361	-197.428
-18.3361	-197.428	>>-17.1297	-194.383
-17.1297	-194.383	>>-19.3455	-194.239
-19.3455	-194.239	>>-19.5769	-199.315
-19.5769	-199.315	>>-17.5201	-197.186
-17.5201	-197.186	>>-19.7772	-196.675
-19.7772	-196.675	>>-19.4238	-193.35
-19.4238	-193.35	>>-16.8171	-194.415
-16.8171	-194.415	>>-17.8645	-196.846
-17.8645	-196.846	>>-19.7303	-194.902
-19.7303	-194.902	>>-19.2732	-196.601
-19.2732	-196.601	>>-19.6158	-194.372
-19.6158	-194.372	>>-17.2082	-193.932
-17.2082	-193.932	>>-17.8944	-190.246
-17.8944	-190.246	>>-17.7665	-186.408
-17.7665	-186.408	>>-17.9745	-188.546
-17.9745	-188.546	>>-16.3062	-189.421
-16.3062	-189.421	>>-15.4779	-186.493
-15.4779	-186.493	>>-15.2167	-185.634
-15.2167	-185.634	>>-14.4723	-185.908
-14.4723	-185.908	>>-11.653	-185.537
-11.653	-185.537	>>-12.5006	-190.266
-12.5006	-190.266	>>-11.8582	-190.245
-11.8582	-190.245	>>-11.7377	-185.405
-11.7377	-185.405	>>-11.4196	-187.31
-11.4196	-187.31	>>-9.56745	-189.647
-9.56745	-189.647	>>-12.3617	-189.106
-12.3617	-189.106	>>-14.2577	-187.685
-14.2577	-187.685	>>-14.2973	-191.663
-14.2973	-191.663	>>-15.0306	-194.082
-15.0306	-194.082	>>-12.3764	-193.4
-12.3764	-193.4	>>-10.3099	-192.324
-10.3099	-192.324	>>-9.45712	-196.088
-9.45712	-196.088	>>-12.1297	-195.237
-12.1297	-195.237	>>-11.759	-199.682
-11.759	-199.682	>>-11.6997	-195.852
-11.6997	-195.852	>>-10.6726	-193.828
-10.6726	-193.828	>>-9.38424	-190.441
-9.38424	-190.441	>>-7.84745	-187.542
-7.84745	-187.542	>>-6.97991	-192.133
-6.97991	-192.133	>>-3.89374	-192.102
-3.89374	-192.102	>>-1.58605	-193.425
-1.58605	-193.425	>>0.63806	-195.147
0.63806	-195.147	>>-1.24647	-196.13
-1.24647	-196.13	>>-1.07857	-196.166
-1.07857	-196.166	>>1.36223	-197.477
1.36223	-197.477	>>1.9595	-201.967
1.9595	-201.967	>>0.71613	-200.566
0.71613	-200.566	>>0.298659	-196.143
0.298659	-196.143	>>-0.714879	-195.193
-0.714879	-195.193	>>-1.22704	-190.82
-1.22704	-190.82	>>-1.64896	-195.086
-1.64896	-195.086	>>-3.35867	-197.754
-3.35867	-197.754	>>-3.26658	-202.622
-3.26658	-202.622	>>-3.49466	-201.994
-3.49466	-201.994	>>-3.27442	-201.786
-3.27442	-201.786	>>-3.10819	-207.529
-3.10819	-207.529	>>-2.22097	-203.759
-2.22097	-203.759	>>-2.29877	-209.922
-2.29877	-209.922	>>-1.58884	-206.923
-1.58884	-206.923	>>0.642656	-208.642
0.642656	-208.642	>>-1.19924	-209.363
-1.19924	-209.363	>>-2.26589	-210.596
-2.26589	-210.596	>>-2.46633	-207.994
-2.46633	-207.994	>>-2.23573	-206.689
-2.23573	-206.689	>>-1.97207	-210.902
-1.97207	-210.902	>>-4.87039	-211.202
-4.87039	-211.202	>>-3.6808	-207.626
-3.6808	-207.626	>>-5.09269	-207.918
-5.09269	-207.918	>>-7.39559	-206.349
-7.39559	-206.349	>>-5.09857	-207.813
-5.09857	-207.813	>>-6.9479	-210.544
-6.9479	-210.544	>>-5.4165	-212.329
-5.4165	-212.329	>>-3.18074	-214.206
-3.18074	-214.206	>>-2.44207	-218.861
-2.44207	-218.861	>>0.412596	-219.386
0.412596	-219.386	>>3.11439	-219.646
3.11439	-219.646	>>5.32969	-218.8
5.32969	-218.8	>>6.27122	-214.163
6.27122	-214.163	>>5.81411	-211.648
5.81411	-211.648	>>7.07861	-212.976
7.07861	-212.976	>>6.25695	-215.75
6.25695	-215.75	>>6.25537	-209.495
6.25537	-209.495	>>6.26829	-215.717
6.26829	-215.717	>>6.08501	-210.172
6.08501	-210.172	>>8.2935	-208.573
8.2935	-208.573	>>7.543	-212.523
7.543	-212.523	>>6.68274	-210.892
6.68274	-210.892	>>7.85485	-210.069
7.85485	-210.069	>>9.38662	-206.647
9.38662	-206.647	>>7.03629	-205.792
7.03629	-205.792	>>5.50844	-204.524
5.50844	-204.524	>>4.58884	-204.2
4.58884	-204.2	>>3.06153	-206.769
3.06153	-206.769	>>2.39442	-204.437
2.39442	-204.437	>>4.19433	-206.98
4.19433	-206.98	>>3.95199	-212.591
3.95199	-212.591	>>6.71369	-211.723
6.71369	-211.723	>>6.50743	-217.34
6.50743	-217.34	>>9.34397	-217.481
9.34397	-217.481	>>9.78483	-222.451
1000-th E = 4.99031
Minimum Founded: -0.559477
