0.8	0.3	>>1.4254	-4.3013
1.4254	-4.3013	>>3.1352	-1.93136
3.1352	-1.93136	>>1.61686	-4.76774
1.61686	-4.76774	>>2.11743	-8.9212
2.11743	-8.9212	>>0.230408	-11.0114
0.230408	-11.0114	>>0.271329	-17.2231
0.271329	-17.2231	>>0.100003	-11.4925
0.100003	-11.4925	>>-0.133392	-15.138
-0.133392	-15.138	>>2.01083	-15.6075
2.01083	-15.6075	>>5.06113	-15.7266
5.06113	-15.7266	>>5.89355	-13.522
5.89355	-13.522	>>6.58189	-9.71653
6.58189	-9.71653	>>5.48586	-12.4526
5.48586	-12.4526	>>7.24398	-12.8934
7.24398	-12.8934	>>7.22437	-13.9438
7.22437	-13.9438	>>6.96063	-18.3946
6.96063	-18.3946	>>3.98509	-18.114
3.98509	-18.114	>>7.09015	-17.9967
7.09015	-17.9967	>>6.98129	-21.3478
6.98129	-21.3478	>>4.03267	-21.6377
4.03267	-21.6377	>>7.04732	-21.5138
7.04732	-21.5138	>>7.55942	-23.3421
7.55942	-23.3421	>>10.2036	-24.3919
10.2036	-24.3919	>>9.41382	-25.2849
9.41382	-25.2849	>>10.5767	-22.2736
10.5767	-22.2736	>>11.3749	-25.1056
11.3749	-25.1056	>>9.15437	-26.4487
9.15437	-26.4487	>>8.13579	-30.3829
8.13579	-30.3829	>>6.15523	-30.5533
6.15523	-30.5533	>>7.19722	-34.8245
7.19722	-34.8245	>>6.44932	-31.0103
6.44932	-31.0103	>>6.06029	-32.9719
6.06029	-32.9719	>>5.06499	-35.0961
5.06499	-35.0961	>>7.72157	-36.1269
7.72157	-36.1269	>>7.26086	-35.8878
7.26086	-35.8878	>>7.56925	-36.504
7.56925	-36.504	>>7.4277	-33.8579
7.4277	-33.8579	>>10.2264	-33.103
10.2264	-33.103	>>10.5794	-35.1687
10.5794	-35.1687	>>8.26886	-36.574
8.26886	-36.574	>>7.89306	-40.6103
7.89306	-40.6103	>>10.3688	-39.653
10.3688	-39.653	>>8.29957	-38.3412
8.29957	-38.3412	>>9.262	-35.5443
9.262	-35.5443	>>9.08518	-41.0571
9.08518	-41.0571	>>10.8279	-43.5967
10.8279	-43.5967	>>12.2929	-41.3456
12.2929	-41.3456	>>13.1601	-38.8073
13.1601	-38.8073	>>12.1077	-34.6075
12.1077	-34.6075	>>14.4362	-35.7053
14.4362	-35.7053	>>12.877	-33.7169
12.877	-33.7169	>>13.8119	-37.6088
13.8119	-37.6088	>>15.0667	-36.0777
15.0667	-36.0777	>>17.4093	-37.6378
17.4093	-37.6378	>>14.7478	-37.3046
14.7478	-37.3046	>>14.7128	-42.4023
14.7128	-42.4023	>>15.308	-40.7154
15.308	-40.7154	>>14.7977	-35.5615
14.7977	-35.5615	>>15.5101	-31.0119
15.5101	-31.0119	>>15.0429	-30.6162
15.0429	-30.6162	>>18.0248	-30.9038
18.0248	-30.9038	>>15.1385	-31.1907
15.1385	-31.1907	>>16.4602	-27.8751
16.4602	-27.8751	>>19.5263	-27.7785
19.5263	-27.7785	>>20.6041	-28.7669
20.6041	-28.7669	>>21.1174	-32.5456
21.1174	-32.5456	>>22.3404	-36.2308
22.3404	-36.2308	>>21.9171	-31.1803
21.9171	-31.1803	>>24.0468	-33.0258
24.0468	-33.0258	>>24.9933	-34.7846
24.9933	-34.7846	>>23.6699	-35.0324
23.6699	-35.0324	>>23.1057	-29.8537
23.1057	-29.8537	>>20.7799	-28.5968
20.7799	-28.5968	>>21.4211	-26.0957
21.4211	-26.0957	>>18.8004	-27.3427
18.8004	-27.3427	>>17.8154	-30.0357
17.8154	-30.0357	>>18.3991	-24.7032
18.3991	-24.7032	>>16.9626	-21.7445
16.9626	-21.7445	>>17.1734	-23.1959
17.1734	-23.1959	>>18.0331	-19.0979
18.0331	-19.0979	>>20.9092	-19.6065
20.9092	-19.6065	>>23.5329	-18.6211
23.5329	-18.6211	>>20.4842	-18.4767
20.4842	-18.4767	>>21.3902	-19.061
21.3902	-19.061	>>19.6659	-22.1064
19.6659	-22.1064	>>18.2093	-20.5241
18.2093	-20.5241	>>18.4172	-26.4259
18.4172	-26.4259	>>20.6434	-28.1261
20.6434	-28.1261	>>18.7713	-27.8845
18.7713	-27.8845	>>18.2592	-27.5307
18.2592	-27.5307	>>18.1541	-33.4757
18.1541	-33.4757	>>17.6431	-38.3005
17.6431	-38.3005	>>18.7555	-42.4332
18.7555	-42.4332	>>18.6017	-38.5432
18.6017	-38.5432	>>17.3294	-35.2229
17.3294	-35.2229	>>16.7989	-30.1523
16.7989	-30.1523	>>17.7809	-31.8075
17.7809	-31.8075	>>17.3163	-36.6781
17.3163	-36.6781	>>16.2466	-33.4179
16.2466	-33.4179	>>16.2744	-36.2953
16.2744	-36.2953	>>16.5853	-30.8708
16.5853	-30.8708	>>19.2303	-31.2421
19.2303	-31.2421	>>19.2591	-25.0929
19.2591	-25.0929	>>19.0034	-27.9122
19.0034	-27.9122	>>16.2023	-27.9641
16.2023	-27.9641	>>15.8397	-33.1898
15.8397	-33.1898	>>17.049	-36.8105
17.049	-36.8105	>>15.0073	-35.3539
15.0073	-35.3539	>>11.9847	-35.2616
11.9847	-35.2616	>>11.5312	-35.8617
11.5312	-35.8617	>>14.549	-36.1399
14.549	-36.1399	>>11.6389	-36.3766
11.6389	-36.3766	>>13.5814	-36.5841
13.5814	-36.5841	>>11.2394	-34.9083
11.2394	-34.9083	>>11.138	-37.091
11.138	-37.091	>>12.9182	-39.3447
12.9182	-39.3447	>>10.3347	-40.6687
10.3347	-40.6687	>>8.90355	-38.1397
8.90355	-38.1397	>>11.4953	-38.5748
11.4953	-38.5748	>>8.95889	-38.6923
8.95889	-38.6923	>>10.9896	-39.823
10.9896	-39.823	>>8.49651	-40.0921
8.49651	-40.0921	>>5.62079	-40.1552
5.62079	-40.1552	>>3.56831	-41.5024
3.56831	-41.5024	>>3.48312	-38.8911
3.48312	-38.8911	>>6.55133	-38.9838
6.55133	-38.9838	>>7.14763	-37.0643
7.14763	-37.0643	>>8.45204	-40.7558
8.45204	-40.7558	>>8.67269	-38.8926
8.67269	-38.8926	>>10.0177	-38.0187
10.0177	-38.0187	>>10.7408	-38.7057
10.7408	-38.7057	>>10.6965	-43.8091
10.6965	-43.8091	>>11.3339	-48.4192
11.3339	-48.4192	>>12.7489	-50.9831
12.7489	-50.9831	>>12.7327	-44.9412
12.7327	-44.9412	>>12.8961	-40.6007
12.8961	-40.6007	>>15.3313	-39.2274
15.3313	-39.2274	>>14.8773	-34.0762
14.8773	-34.0762	>>16.7743	-31.3373
16.7743	-31.3373	>>16.2621	-34.5083
16.2621	-34.5083	>>16.227	-40.7627
16.227	-40.7627	>>16.1708	-34.579
16.1708	-34.579	>>17.354	-37.8751
17.354	-37.8751	>>19.3403	-37.5697
19.3403	-37.5697	>>17.9796	-41.2063
17.9796	-41.2063	>>19.6118	-41.8617
19.6118	-41.8617	>>21.912	-42.7872
21.912	-42.7872	>>20.6856	-45.8185
20.6856	-45.8185	>>21.5541	-49.8471
21.5541	-49.8471	>>24.3032	-50.6877
24.3032	-50.6877	>>23.5108	-46.7574
23.5108	-46.7574	>>23.8022	-47.1832
23.8022	-47.1832	>>24.6239	-50.869
24.6239	-50.869	>>26.7841	-51.4747
26.7841	-51.4747	>>26.5451	-45.7804
26.5451	-45.7804	>>27.6567	-47.4473
27.6567	-47.4473	>>28.6746	-43.5345
28.6746	-43.5345	>>28.1093	-38.3283
28.1093	-38.3283	>>26.14	-35.9197
26.14	-35.9197	>>24.5109	-38.2356
24.5109	-38.2356	>>23.9472	-38.6522
23.9472	-38.6522	>>26.7741	-39.2154
26.7741	-39.2154	>>27.015	-44.6674
27.015	-44.6674	>>29.6992	-44.4003
29.6992	-44.4003	>>30.5459	-42.8989
30.5459	-42.8989	>>33.3943	-42.4788
33.3943	-42.4788	>>34.0623	-46.1401
34.0623	-46.1401	>>36.8747	-45.8359
36.8747	-45.8359	>>34.8598	-48.1755
34.8598	-48.1755	>>36.5297	-50.7968
36.5297	-50.7968	>>38.229	-51.8054
38.229	-51.8054	>>38.0273	-46.7897
38.0273	-46.7897	>>36.5568	-45.8173
36.5568	-45.8173	>>38.7326	-47.3706
38.7326	-47.3706	>>38.9762	-48.1093
38.9762	-48.1093	>>42.0339	-47.8679
42.0339	-47.8679	>>38.9991	-47.6658
38.9991	-47.6658	>>41.7349	-47.6817
41.7349	-47.6817	>>41.5832	-51.4591
41.5832	-51.4591	>>42.8956	-48.8317
42.8956	-48.8317	>>40.7164	-51.017
40.7164	-51.017	>>40.5976	-44.9477
40.5976	-44.9477	>>42.131	-42.2318
42.131	-42.2318	>>42.5978	-37.8217
42.5978	-37.8217	>>44.5636	-40.243
44.5636	-40.243	>>44.3135	-42.6581
44.3135	-42.6581	>>43.1152	-40.6607
43.1152	-40.6607	>>45.1759	-39.0968
45.1759	-39.0968	>>46.4156	-41.3676
46.4156	-41.3676	>>49.1616	-40.875
49.1616	-40.875	>>47.5907	-40.5413
47.5907	-40.5413	>>46.3053	-37.5025
46.3053	-37.5025	>>46.2696	-43.4026
46.2696	-43.4026	>>46.7234	-45.1451
46.7234	-45.1451	>>46.3116	-46.3159
46.3116	-46.3159	>>47.2509	-42.1204
47.2509	-42.1204	>>47.1341	-42.8742
47.1341	-42.8742	>>45.1188	-42.5331
45.1188	-42.5331	>>46.0231	-46.5327
46.0231	-46.5327	>>47.2586	-47.3869
47.2586	-47.3869	>>47.5226	-47.9298
47.5226	-47.9298	>>49.9105	-47.4088
49.9105	-47.4088	>>47.4434	-46.2223
47.4434	-46.2223	>>46.4272	-44.2187
46.4272	-44.2187	>>45.3318	-41.7275
45.3318	-41.7275	>>44.8769	-36.5848
44.8769	-36.5848	>>46.9021	-34.2232
46.9021	-34.2232	>>47.7674	-37.5614
47.7674	-37.5614	>>48.0751	-32.8249
48.0751	-32.8249	>>45.8508	-31.0045
45.8508	-31.0045	>>45.9606	-25.9441
45.9606	-25.9441	>>43.9783	-24.8349
43.9783	-24.8349	>>41.2439	-25.2945
41.2439	-25.2945	>>41.2319	-19.7765
41.2319	-19.7765	>>41.1477	-13.7641
41.1477	-13.7641	>>40.8303	-8.77011
40.8303	-8.77011	>>40.4294	-14.1687
40.4294	-14.1687	>>37.9759	-12.9076
37.9759	-12.9076	>>35.1153	-12.5857
35.1153	-12.5857	>>37.1279	-14.7838
37.1279	-14.7838	>>36.2581	-10.5582
36.2581	-10.5582	>>36.0862	-15.4815
36.0862	-15.4815	>>35.4776	-18.5766
35.4776	-18.5766	>>32.9152	-19.1255
32.9152	-19.1255	>>35.669	-18.9461
35.669	-18.9461	>>36.5738	-14.8972
36.5738	-14.8972	>>39.2309	-14.2958
39.2309	-14.2958	>>39.0793	-8.86312
39.0793	-8.86312	>>36.3989	-8.23133
36.3989	-8.23133	>>35.7979	-4.66989
35.7979	-4.66989	>>36.6636	-7.55141
36.6636	-7.55141	>>35.7383	-3.06353
35.7383	-3.06353	>>35.6435	1.57975
35.6435	1.57975	>>37.2196	3.96551
37.2196	3.96551	>>37.4296	-1.78038
37.4296	-1.78038	>>38.5021	0.772269
38.5021	0.772269	>>37.6355	0.694607
37.6355	0.694607	>>38.914	-3.11321
38.914	-3.11321	>>41.6267	-2.43692
41.6267	-2.43692	>>43.1405	0.505694
43.1405	0.505694	>>43.0035	-4.30134
43.0035	-4.30134	>>41.1176	-4.18764
41.1176	-4.18764	>>42.7086	-1.38545
42.7086	-1.38545	>>43.4148	-0.9702
43.4148	-0.9702	>>44.4209	-3.87123
44.4209	-3.87123	>>47.2238	-3.54178
47.2238	-3.54178	>>47.4333	-9.08574
47.4333	-9.08574	>>44.8724	-10.4344
44.8724	-10.4344	>>43.2171	-7.58629
43.2171	-7.58629	>>43.702	-10.7949
43.702	-10.7949	>>44.15	-16.0535
44.15	-16.0535	>>45.2489	-20.2198
45.2489	-20.2198	>>45.2202	-14.5463
45.2202	-14.5463	>>45.4878	-19.905
45.4878	-19.905	>>48.4046	-20.0536
48.4046	-20.0536	>>46.7535	-22.9569
46.7535	-22.9569	>>46.6673	-17.7896
46.6673	-17.7896	>>47.3714	-22.7311
47.3714	-22.7311	>>46.8436	-18.3955
46.8436	-18.3955	>>45.0805	-17.3843
45.0805	-17.3843	>>42.4009	-17.5472
42.4009	-17.5472	>>40.9437	-20.7061
40.9437	-20.7061	>>42.5049	-22.4833
42.5049	-22.4833	>>43.1575	-22.2966
43.1575	-22.2966	>>42.2515	-17.7474
42.2515	-17.7474	>>42.2474	-11.497
42.2474	-11.497	>>42.2491	-17.7436
42.2491	-17.7436	>>42.2426	-11.5286
42.2426	-11.5286	>>42.2592	-17.5263
42.2592	-17.5263	>>42.1688	-23.5727
42.1688	-23.5727	>>43.3153	-27.1838
43.3153	-27.1838	>>42.3234	-23.5786
42.3234	-23.5786	>>41.0829	-26.9623
41.0829	-26.9623	>>39.8619	-29.6479
39.8619	-29.6479	>>41.8807	-30.7129
41.8807	-30.7129	>>42.9427	-34.408
42.9427	-34.408	>>40.2222	-33.6455
40.2222	-33.6455	>>40.6553	-32.4513
40.6553	-32.4513	>>41.6195	-28.3923
41.6195	-28.3923	>>43.7951	-27.733
43.7951	-27.733	>>44.001	-33.5334
44.001	-33.5334	>>45.2802	-33.5686
45.2802	-33.5686	>>44.7574	-37.8675
44.7574	-37.8675	>>44.515	-38.852
44.515	-38.852	>>47.5015	-39.0559
47.5015	-39.0559	>>45.473	-39.0103
45.473	-39.0103	>>45.0729	-40.069
45.0729	-40.069	>>47.1866	-41.9934
47.1866	-41.9934	>>47.0927	-47.7183
47.0927	-47.7183	>>48.0902	-44.628
48.0902	-44.628	>>50.6836	-44.715
50.6836	-44.715	>>50.1809	-49.7455
50.1809	-49.7455	>>50.2501	-44.0911
50.2501	-44.0911	>>50.1581	-47.0375
50.1581	-47.0375	>>50.8987	-51.8645
50.8987	-51.8645	>>48.3378	-52.5851
48.3378	-52.5851	>>46.8214	-55.4457
46.8214	-55.4457	>>45.9069	-51.288
45.9069	-51.288	>>44.6804	-54.4609
44.6804	-54.4609	>>45.2655	-49.6252
45.2655	-49.6252	>>44.8621	-50.0036
44.8621	-50.0036	>>44.9575	-45.2201
44.9575	-45.2201	>>46.0778	-46.7212
46.0778	-46.7212	>>47.0423	-44.0355
47.0423	-44.0355	>>48.3379	-45.5648
48.3379	-45.5648	>>47.0796	-49.4703
47.0796	-49.4703	>>46.0911	-52.1985
46.0911	-52.1985	>>47.6495	-49.6201
47.6495	-49.6201	>>45.8791	-48.9889
45.8791	-48.9889	>>45.5541	-44.7532
45.5541	-44.7532	>>45.673	-46.8464
45.673	-46.8464	>>46.9583	-49.1251
46.9583	-49.1251	>>50.0155	-49.0252
50.0155	-49.0252	>>50.9862	-49.6169
50.9862	-49.6169	>>54.1058	-49.5277
54.1058	-49.5277	>>54.9286	-53.242
54.9286	-53.242	>>55.2189	-55.9284
55.2189	-55.9284	>>54.8174	-59.4464
54.8174	-59.4464	>>53.9563	-55.208
53.9563	-55.208	>>55.4911	-56.6238
55.4911	-56.6238	>>52.3519	-56.6513
52.3519	-56.6513	>>50.5038	-55.3179
50.5038	-55.3179	>>52.8659	-55.4227
52.8659	-55.4227	>>51.0806	-53.026
51.0806	-53.026	>>51.9463	-55.9669
51.9463	-55.9669	>>50.7359	-54.1232
50.7359	-54.1232	>>50.5554	-53.5914
50.5554	-53.5914	>>47.895	-52.5922
47.895	-52.5922	>>50.2225	-50.8313
50.2225	-50.8313	>>49.845	-47.2765
49.845	-47.2765	>>49.2428	-52.2813
49.2428	-52.2813	>>49.2264	-46.3487
49.2264	-46.3487	>>48.8797	-43.9699
48.8797	-43.9699	>>48.0103	-40.0763
48.0103	-40.0763	>>50.5689	-40.3299
50.5689	-40.3299	>>52.9383	-41.8795
52.9383	-41.8795	>>49.9994	-41.8955
49.9994	-41.8955	>>46.9633	-41.8909
46.9633	-41.8909	>>43.9457	-41.6958
43.9457	-41.6958	>>45.8286	-43.242
45.8286	-43.242	>>45.9875	-48.6967
45.9875	-48.6967	>>47.9353	-49.0633
47.9353	-49.0633	>>50.0212	-47.2171
50.0212	-47.2171	>>51.2664	-46.4765
51.2664	-46.4765	>>51.3894	-52.3236
51.3894	-52.3236	>>53.3639	-49.7045
53.3639	-49.7045	>>52.209	-45.8894
52.209	-45.8894	>>51.5165	-46.6051
51.5165	-46.6051	>>48.5012	-46.4056
48.5012	-46.4056	>>51.41	-46.3912
51.41	-46.3912	>>54.0578	-46.8618
54.0578	-46.8618	>>51.1984	-46.3568
51.1984	-46.3568	>>50.3146	-44.6462
50.3146	-44.6462	>>49.0318	-43.4823
49.0318	-43.4823	>>48.3581	-44.6781
48.3581	-44.6781	>>46.7491	-41.9014
46.7491	-41.9014	>>46.6725	-40.2342
46.6725	-40.2342	>>46.3998	-45.5943
46.3998	-45.5943	>>43.9948	-47.1965
43.9948	-47.1965	>>45.9522	-47.3494
45.9522	-47.3494	>>43.0799	-48.0463
43.0799	-48.0463	>>44.5666	-50.6687
44.5666	-50.6687	>>42.1545	-51.8614
42.1545	-51.8614	>>40.4888	-50.6606
40.4888	-50.6606	>>37.6585	-50.4944
37.6585	-50.4944	>>37.7729	-45.2732
37.7729	-45.2732	>>37.6154	-51.3245
37.6154	-51.3245	>>39.4538	-54.0006
39.4538	-54.0006	>>39.4296	-55.7969
39.4296	-55.7969	>>41.0289	-53.4726
41.0289	-53.4726	>>39.9917	-54.5148
39.9917	-54.5148	>>40.5715	-54.1902
40.5715	-54.1902	>>38.671	-56.0616
38.671	-56.0616	>>37.6862	-51.8812
37.6862	-51.8812	>>38.8174	-51.7957
38.8174	-51.7957	>>38.069	-56.789
38.069	-56.789	>>36.747	-54.3906
36.747	-54.3906	>>36.7081	-53.5573
36.7081	-53.5573	>>36.2317	-48.7594
36.2317	-48.7594	>>36.2009	-42.5322
36.2009	-42.5322	>>36.5394	-48.1672
36.5394	-48.1672	>>33.9346	-48.8595
33.9346	-48.8595	>>31.0732	-49.4996
31.0732	-49.4996	>>31.0601	-52.2782
31.0601	-52.2782	>>30.0596	-50.0632
30.0596	-50.0632	>>32.1166	-51.7737
32.1166	-51.7737	>>31.4511	-47.6904
31.4511	-47.6904	>>29.3921	-46.3851
29.3921	-46.3851	>>31.879	-46.6379
31.879	-46.6379	>>34.1917	-47.0652
34.1917	-47.0652	>>34.9465	-51.328
34.9465	-51.328	>>32.4591	-52.5873
32.4591	-52.5873	>>29.7354	-53.403
29.7354	-53.403	>>29.9137	-51.6183
29.9137	-51.6183	>>32.6439	-51.1434
32.6439	-51.1434	>>30.8293	-51.9676
30.8293	-51.9676	>>30.2002	-47.0515
30.2002	-47.0515	>>30.7261	-52.0348
30.7261	-52.0348	>>30.5683	-46.2564
30.5683	-46.2564	>>30.7934	-48.8692
30.7934	-48.8692	>>29.8554	-49.6864
29.8554	-49.6864	>>31.2954	-52.9082
31.2954	-52.9082	>>32.1894	-54.9958
32.1894	-54.9958	>>32.1322	-60.7844
32.1322	-60.7844	>>31.2761	-56.4616
31.2761	-56.4616	>>31.5586	-61.7578
31.5586	-61.7578	>>31.8403	-64.0169
31.8403	-64.0169	>>32.2135	-58.7787
32.2135	-58.7787	>>31.9951	-52.9349
31.9951	-52.9349	>>29.7035	-52.8122
29.7035	-52.8122	>>30.2737	-57.3376
30.2737	-57.3376	>>30.7764	-54.1851
30.7764	-54.1851	>>31.2241	-58.1375
31.2241	-58.1375	>>31.6301	-57.5553
31.6301	-57.5553	>>30.3013	-53.8602
30.3013	-53.8602	>>31.3705	-52.391
31.3705	-52.391	>>33.5539	-53.021
33.5539	-53.021	>>32.7907	-50.9776
32.7907	-50.9776	>>32.5431	-45.2615
32.5431	-45.2615	>>32.9754	-46.9347
32.9754	-46.9347	>>30.6952	-46.322
30.6952	-46.322	>>31.4561	-50.2555
31.4561	-50.2555	>>31.6649	-48.545
31.6649	-48.545	>>30.8525	-43.8126
30.8525	-43.8126	>>29.4611	-47.5724
29.4611	-47.5724	>>27.0386	-48.5782
27.0386	-48.5782	>>29.5535	-49.4913
29.5535	-49.4913	>>29.8722	-47.4505
29.8722	-47.4505	>>28.559	-43.9545
28.559	-43.9545	>>30.1233	-42.1233
30.1233	-42.1233	>>32.2975	-42.4914
32.2975	-42.4914	>>32.4068	-48.4046
32.4068	-48.4046	>>34.8953	-49.4592
34.8953	-49.4592	>>33.6477	-46.2383
33.6477	-46.2383	>>33.3834	-51.1539
33.3834	-51.1539	>>31.1406	-49.9116
31.1406	-49.9116	>>29.4232	-51.7886
29.4232	-51.7886	>>30.7406	-49.131
30.7406	-49.131	>>30.6545	-49.2112
30.6545	-49.2112	>>29.8618	-53.6269
29.8618	-53.6269	>>31.9654	-53.4399
31.9654	-53.4399	>>29.8491	-52.5135
29.8491	-52.5135	>>30.172	-47.443
30.172	-47.443	>>29.2589	-51.3847
29.2589	-51.3847	>>29.5305	-51.7513
29.5305	-51.7513	>>29.5783	-52.946
29.5783	-52.946	>>31.2856	-50.7594
31.2856	-50.7594	>>31.3792	-44.6476
31.3792	-44.6476	>>29.1269	-43.7015
29.1269	-43.7015	>>30.3424	-40.1879
30.3424	-40.1879	>>29.0723	-36.698
29.0723	-36.698	>>30.7614	-34.621
30.7614	-34.621	>>31.0849	-33.9152
31.0849	-33.9152	>>28.7632	-35.2818
28.7632	-35.2818	>>28.6237	-41.1863
28.6237	-41.1863	>>27.0669	-44.0473
27.0669	-44.0473	>>28.6482	-46.256
28.6482	-46.256	>>28.7841	-51.2925
28.7841	-51.2925	>>28.3947	-56.7571
28.3947	-56.7571	>>28.6204	-52.8996
28.6204	-52.8996	>>30.7304	-51.8478
30.7304	-51.8478	>>31.0023	-54.2982
31.0023	-54.2982	>>29.216	-54.2211
29.216	-54.2211	>>29.4185	-48.6343
29.4185	-48.6343	>>26.6525	-48.4676
26.6525	-48.4676	>>27.3354	-43.888
27.3354	-43.888	>>29.0033	-44.4284
29.0033	-44.4284	>>26.5466	-44.5018
26.5466	-44.5018	>>26.4814	-42.6912
26.4814	-42.6912	>>24.372	-42.1835
24.372	-42.1835	>>22.7033	-39.3683
22.7033	-39.3683	>>23.5134	-40.2464
23.5134	-40.2464	>>23.3718	-40.7721
23.3718	-40.7721	>>23.9887	-36.3492
23.9887	-36.3492	>>21.0135	-36.5177
21.0135	-36.5177	>>21.702	-37.0413
21.702	-37.0413	>>21.2862	-31.6602
21.2862	-31.6602	>>20.559	-29.3949
20.559	-29.3949	>>23.3597	-28.972
23.3597	-28.972	>>24.0744	-33.4065
24.0744	-33.4065	>>21.5294	-34.3314
21.5294	-34.3314	>>24.1475	-34.9932
24.1475	-34.9932	>>23.9924	-39.9579
23.9924	-39.9579	>>22.4072	-39.7103
22.4072	-39.7103	>>21.1282	-36.783
21.1282	-36.783	>>20.281	-32.5319
20.281	-32.5319	>>20.0058	-38.3417
20.0058	-38.3417	>>17.142	-38.2362
17.142	-38.2362	>>17.4685	-33.4835
17.4685	-33.4835	>>18.1057	-34.6739
18.1057	-34.6739	>>20.077	-32.6478
20.077	-32.6478	>>22.6987	-31.9993
22.6987	-31.9993	>>22.7068	-26.0583
22.7068	-26.0583	>>22.2074	-21.3158
22.2074	-21.3158	>>21.6667	-16.9412
21.6667	-16.9412	>>22.6653	-13.1574
22.6653	-13.1574	>>21.2813	-14.9862
21.2813	-14.9862	>>21.4036	-20.9739
21.4036	-20.9739	>>22.2547	-24.2784
22.2547	-24.2784	>>22.3217	-18.2701
22.3217	-18.2701	>>22.6861	-12.7191
22.6861	-12.7191	>>22.2561	-17.9211
22.2561	-17.9211	>>22.4391	-21.0218
22.4391	-21.0218	>>21.6416	-23.3162
21.6416	-23.3162	>>23.046	-26.8225
23.046	-26.8225	>>20.6915	-25.6381
20.6915	-25.6381	>>19.669	-26.2308
19.669	-26.2308	>>19.3244	-31.4634
19.3244	-31.4634	>>19.9915	-36.3203
19.9915	-36.3203	>>17.5657	-36.549
17.5657	-36.549	>>15.929	-34.4058
15.929	-34.4058	>>13.2664	-33.5437
13.2664	-33.5437	>>13.0466	-39.0634
13.0466	-39.0634	>>15.1753	-40.4095
15.1753	-40.4095	>>13.9672	-42.4397
13.9672	-42.4397	>>11.84	-41.5634
11.84	-41.5634	>>13.1026	-37.627
13.1026	-37.627	>>15.552	-37.7717
15.552	-37.7717	>>16.3442	-39.7416
16.3442	-39.7416	>>16.1503	-34.6065
16.1503	-34.6065	>>17.8641	-36.0854
17.8641	-36.0854	>>19.7422	-33.568
19.7422	-33.568	>>19.7005	-29.1605
19.7005	-29.1605	>>18.9185	-31.3926
18.9185	-31.3926	>>16.2015	-30.9063
16.2015	-30.9063	>>15.4177	-32.8467
15.4177	-32.8467	>>18.0221	-31.5866
18.0221	-31.5866	>>20.7639	-32.0371
20.7639	-32.0371	>>20.9309	-26.2842
20.9309	-26.2842	>>19.7267	-28.7486
19.7267	-28.7486	>>19.7204	-34.9405
19.7204	-34.9405	>>20.0486	-30.687
20.0486	-30.687	>>22.158	-29.447
22.158	-29.447	>>21.1491	-33.3695
21.1491	-33.3695	>>19.3728	-32.7054
19.3728	-32.7054	>>18.1702	-29.0536
18.1702	-29.0536	>>19.0573	-33.5656
19.0573	-33.5656	>>21.1885	-35.1674
21.1885	-35.1674	>>22.1297	-32.5339
22.1297	-32.5339	>>22.9903	-36.8048
22.9903	-36.8048	>>20.9959	-37.114
20.9959	-37.114	>>24.1069	-37.0817
24.1069	-37.0817	>>26.1565	-39.3113
26.1565	-39.3113	>>25.0021	-35.3397
25.0021	-35.3397	>>22.1684	-35.2989
22.1684	-35.2989	>>21.3305	-30.639
21.3305	-30.639	>>19.7471	-30.0227
19.7471	-30.0227	>>19.7591	-23.899
19.7591	-23.899	>>19.4946	-22.4179
19.4946	-22.4179	>>22.1903	-22.5152
22.1903	-22.5152	>>22.391	-28.3097
22.391	-28.3097	>>24.0916	-25.2394
24.0916	-25.2394	>>24.4342	-21.8863
24.4342	-21.8863	>>27.3198	-22.0845
27.3198	-22.0845	>>26.0771	-25.1609
26.0771	-25.1609	>>28.536	-24.0534
28.536	-24.0534	>>26.6487	-22.8964
26.6487	-22.8964	>>28.3719	-21.8665
28.3719	-21.8665	>>30.6061	-21.1013
30.6061	-21.1013	>>28.3051	-19.731
28.3051	-19.731	>>28.0305	-14.0922
28.0305	-14.0922	>>30.8377	-14.6394
30.8377	-14.6394	>>32.5378	-15.2701
32.5378	-15.2701	>>33.2961	-16.7187
33.2961	-16.7187	>>32.9164	-11.3162
32.9164	-11.3162	>>30.8717	-13.579
30.8717	-13.579	>>32.7512	-10.8686
32.7512	-10.8686	>>32.629	-11.762
32.629	-11.762	>>32.943	-16.2957
32.943	-16.2957	>>31.3282	-18.2151
31.3282	-18.2151	>>30.6623	-13.3602
30.6623	-13.3602	>>32.1946	-14.6771
32.1946	-14.6771	>>32.9702	-11.3866
32.9702	-11.3866	>>29.9008	-11.2894
29.9008	-11.2894	>>28.6633	-14.618
28.6633	-14.618	>>27.1266	-13.812
27.1266	-13.812	>>25.6329	-10.4278
25.6329	-10.4278	>>27.2357	-7.79681
27.2357	-7.79681	>>27.1333	-2.38659
27.1333	-2.38659	>>25.1272	-2.77245
25.1272	-2.77245	>>24.5377	1.62145
24.5377	1.62145	>>27.5633	1.59456
27.5633	1.59456	>>30.2131	2.35905
30.2131	2.35905	>>30.8264	3.19747
30.8264	3.19747	>>29.8836	-1.4077
29.8836	-1.4077	>>27.6806	0.0222132
27.6806	0.0222132	>>28.0214	5.38389
28.0214	5.38389	>>31.1002	5.2378
31.1002	5.2378	>>30.7214	8.91836
30.7214	8.91836	>>30.3252	12.4463
30.3252	12.4463	>>29.3776	7.86977
29.3776	7.86977	>>27.0586	7.88273
27.0586	7.88273	>>29.9386	7.52268
29.9386	7.52268	>>29.1103	9.74409
29.1103	9.74409	>>28.9355	13.7539
28.9355	13.7539	>>29.0796	11.2926
29.0796	11.2926	>>30.4613	13.7807
30.4613	13.7807	>>29.3053	15.1415
29.3053	15.1415	>>30.4428	16.7177
30.4428	16.7177	>>31.6158	18.7967
31.6158	18.7967	>>30.3527	15.4734
30.3527	15.4734	>>29.7078	10.6396
29.7078	10.6396	>>30.4232	9.16403
30.4232	9.16403	>>32.9168	10.6952
32.9168	10.6952	>>31.1573	8.155
31.1573	8.155	>>29.6283	10.3878
29.6283	10.3878	>>27.5526	11.3939
27.5526	11.3939	>>24.6974	11.9973
24.6974	11.9973	>>24.6666	17.9342
24.6666	17.9342	>>23.573	21.8594
23.573	21.8594	>>20.8543	21.4912
20.8543	21.4912	>>21.0751	26.463
21.0751	26.463	>>22.3106	23.8382
22.3106	23.8382	>>21.1853	26.1074
21.1853	26.1074	>>20.062	25.1954
20.062	25.1954	>>18.2463	27.1316
18.2463	27.1316	>>18.2728	28.0458
18.2728	28.0458	>>18.5701	23.0558
18.5701	23.0558	>>20.3738	24.9908
20.3738	24.9908	>>20.1125	20.5224
20.1125	20.5224	>>19.4672	16.6844
19.4672	16.6844	>>21.7371	17.6144
21.7371	17.6144	>>21.8918	18.056
21.8918	18.056	>>20.272	20.8999
20.272	20.8999	>>19.768	18.6186
19.768	18.6186	>>19.3164	18.7305
19.3164	18.7305	>>19.6467	24.3768
19.6467	24.3768	>>17.828	24.8039
17.828	24.8039	>>18.8095	20.7152
18.8095	20.7152	>>18.2854	15.2742
18.2854	15.2742	>>18.0494	20.9913
18.0494	20.9913	>>18.3721	19.0762
18.3721	19.0762	>>20.2125	16.7129
20.2125	16.7129	>>19.9265	22.3291
19.9265	22.3291	>>22.3197	20.9539
22.3197	20.9539	>>21.5425	16.0078
21.5425	16.0078	>>21.8361	17.6427
21.8361	17.6427	>>20.1768	16.1311
20.1768	16.1311	>>18.8759	16.9154
18.8759	16.9154	>>20.8881	19.2983
20.8881	19.2983	>>22.2905	16.1152
22.2905	16.1152	>>23.1703	15.7501
23.1703	15.7501	>>23.1723	21.2472
23.1723	21.2472	>>23.1242	26.7913
23.1242	26.7913	>>24.1966	30.4819
24.1966	30.4819	>>24.4085	24.6324
24.4085	24.6324	>>27.0849	25.1641
27.0849	25.1641	>>24.7456	26.8443
24.7456	26.8443	>>24.7564	24.8522
24.7564	24.8522	>>24.9712	23.4605
24.9712	23.4605	>>26.4515	24.4845
26.4515	24.4845	>>25.8662	22.6153
25.8662	22.6153	>>23.7154	22.8913
23.7154	22.8913	>>23.1459	24.5124
23.1459	24.5124	>>22.8626	19.6483
22.8626	19.6483	>>20.8369	17.9892
20.8369	17.9892	>>21.0697	23.3405
21.0697	23.3405	>>23.6117	24.3058
23.6117	24.3058	>>22.107	21.3773
22.107	21.3773	>>24.5015	21.0217
24.5015	21.0217	>>25.3455	21.0771
25.3455	21.0771	>>26.8734	18.4139
26.8734	18.4139	>>28.8751	20.7659
28.8751	20.7659	>>29.3303	16.481
29.3303	16.481	>>28.9508	11.0682
28.9508	11.0682	>>26.6666	12.2247
26.6666	12.2247	>>27.1312	6.96371
27.1312	6.96371	>>28.0385	2.7069
28.0385	2.7069	>>26.4791	4.04141
26.4791	4.04141	>>28.0332	3.3553
28.0332	3.3553	>>30.9913	3.5942
30.9913	3.5942	>>28.0832	3.70398
28.0832	3.70398	>>26.6235	6.43258
26.6235	6.43258	>>24.9959	9.54562
24.9959	9.54562	>>23.2923	9.67447
23.2923	9.67447	>>24.0403	13.5049
24.0403	13.5049	>>23.8551	11.9434
23.8551	11.9434	>>25.1639	15.8945
25.1639	15.8945	>>26.6502	14.2638
26.6502	14.2638	>>26.3452	9.32074
26.3452	9.32074	>>24.9089	12.3314
24.9089	12.3314	>>27.2072	10.7451
27.2072	10.7451	>>27.1617	16.7984
27.1617	16.7984	>>28.0586	20.9788
28.0586	20.9788	>>28.8201	18.7649
28.8201	18.7649	>>29.0856	13.2612
29.0856	13.2612	>>29.4564	16.412
29.4564	16.412	>>26.7307	15.5572
26.7307	15.5572	>>26.9165	19.983
26.9165	19.983	>>27.5047	23.0922
27.5047	23.0922	>>30.3773	23.1559
30.3773	23.1559	>>32.5249	25.0628
32.5249	25.0628	>>34.7153	25.7058
34.7153	25.7058	>>35.0223	20.3041
35.0223	20.3041	>>36.9672	20.9507
36.9672	20.9507	>>38.7633	22.0433
38.7633	22.0433	>>38.5772	27.1819
38.5772	27.1819	>>40.6404	25.1289
40.6404	25.1289	>>42.5567	24.5898
42.5567	24.5898	>>45.1839	25.4017
45.1839	25.4017	>>46.2948	23.1728
46.2948	23.1728	>>47.0924	26.8876
47.0924	26.8876	>>49.6316	26.1346
49.6316	26.1346	>>51.6705	25.2929
51.6705	25.2929	>>50.9439	20.7478
50.9439	20.7478	>>50.8624	18.5796
50.8624	18.5796	>>49.0839	20.8996
49.0839	20.8996	>>51.6215	19.753
51.6215	19.753	>>51.5386	15.4345
51.5386	15.4345	>>49.3205	16.5253
49.3205	16.5253	>>49.7687	11.2582
49.7687	11.2582	>>49.8164	5.10731
49.8164	5.10731	>>48.4879	6.01877
48.4879	6.01877	>>49.2212	5.56416
49.2212	5.56416	>>48.8829	1.57695
48.8829	1.57695	>>46.9133	3.7478
46.9133	3.7478	>>46.8378	0.496925
46.8378	0.496925	>>46.9046	5.843
46.9046	5.843	>>49.3408	4.66385
49.3408	4.66385	>>50.912	7.43008
50.912	7.43008	>>53.008	9.69117
53.008	9.69117	>>50.8991	9.93614
50.8991	9.93614	>>52.7596	12.684
52.7596	12.684	>>52.5477	8.16896
52.5477	8.16896	>>55.0758	7.09837
55.0758	7.09837	>>52.4838	6.32537
52.4838	6.32537	>>49.941	6.66527
49.941	6.66527	>>47.3508	5.43891
47.3508	5.43891	>>46.0051	1.58424
46.0051	1.58424	>>43.273	1.49742
43.273	1.49742	>>43.2551	-4.71355
43.2551	-4.71355	>>43.1668	0.729976
43.1668	0.729976	>>42.7977	6.0733
42.7977	6.0733	>>41.9842	9.39534
41.9842	9.39534	>>45.0157	9.59036
45.0157	9.59036	>>42.1921	9.36567
42.1921	9.36567	>>43.2108	9.68462
43.2108	9.68462	>>42.721	14.1038
42.721	14.1038	>>43.1759	15.3536
43.1759	15.3536	>>44.4491	16.4988
44.4491	16.4988	>>44.4026	14.5258
44.4026	14.5258	>>45.2398	11.1841
45.2398	11.1841	>>45.1638	15.7058
45.1638	15.7058	>>44.3539	20.4443
44.3539	20.4443	>>43.0751	16.4349
43.0751	16.4349	>>45.0838	14.358
45.0838	14.358	>>47.6879	14.8317
47.6879	14.8317	>>46.7442	12.1405
46.7442	12.1405	>>46.7593	10.5425
46.7593	10.5425	>>46.616	15.7281
46.616	15.7281	>>47.2341	11.6393
47.2341	11.6393	>>47.0217	13.1386
47.0217	13.1386	>>43.9704	13.3363
43.9704	13.3363	>>46.7136	12.8591
46.7136	12.8591	>>46.1096	12.0266
46.1096	12.0266	>>45.3341	8.34884
45.3341	8.34884	>>43.7551	9.7737
43.7551	9.7737	>>43.8134	3.90138
43.8134	3.90138	>>45.0506	6.12457
45.0506	6.12457	>>42.1	6.23732
42.1	6.23732	>>41.7062	9.90992
41.7062	9.90992	>>41.0207	12.8161
41.0207	12.8161	>>43.3096	13.3263
43.3096	13.3263	>>42.2953	16.3776
42.2953	16.3776	>>41.3203	15.8061
41.3203	15.8061	>>40.3929	19.8891
40.3929	19.8891	>>37.9167	18.9583
37.9167	18.9583	>>39.3022	21.7682
39.3022	21.7682	>>39.0525	27.4634
39.0525	27.4634	>>40.3564	25.5863
40.3564	25.5863	>>42.1446	23.5631
42.1446	23.5631	>>40.8253	20.3148
40.8253	20.3148	>>41.9299	16.7424
41.9299	16.7424	>>41.6564	14.0662
41.6564	14.0662	>>42.8824	17.3373
42.8824	17.3373	>>45.0054	15.6456
45.0054	15.6456	>>41.9758	15.7123
41.9758	15.7123	>>40.5547	14.8386
40.5547	14.8386	>>37.9335	14.0244
37.9335	14.0244	>>37.0562	16.4007
37.0562	16.4007	>>39.8165	15.5827
39.8165	15.5827	>>38.6406	18.1738
38.6406	18.1738	>>40.207	15.1377
40.207	15.1377	>>39.4742	16.4692
39.4742	16.4692	>>38.2976	15.5095
38.2976	15.5095	>>38.4194	9.60894
38.4194	9.60894	>>41.1555	9.18681
41.1555	9.18681	>>39.9614	13.0608
39.9614	13.0608	>>37.8372	14.0824
37.8372	14.0824	>>36.3592	16.524
36.3592	16.524	>>36.9729	11.9846
36.9729	11.9846	>>37.5726	13.0402
37.5726	13.0402	>>38.9143	15.3723
38.9143	15.3723	>>41.6582	15.4662
41.6582	15.4662	>>40.9872	20.389
40.9872	20.389	>>44.0756	20.5086
44.0756	20.5086	>>43.778	17.6806
43.778	17.6806	>>43.2833	13.4151
43.2833	13.4151	>>42.6285	10.1155
42.6285	10.1155	>>44.7122	10.3738
44.7122	10.3738	>>44.0694	10.6678
44.0694	10.6678	>>41.6615	12.1666
41.6615	12.1666	>>43.0249	9.21929
43.0249	9.21929	>>41.8636	10.1464
41.8636	10.1464	>>39.811	8.60063
39.811	8.60063	>>38.6054	10.0048
38.6054	10.0048	>>38.7522	13.8355
38.7522	13.8355	>>38.8765	11.2013
38.8765	11.2013	>>37.5488	7.45085
37.5488	7.45085	>>35.833	9.06179
35.833	9.06179	>>34.6771	12.6986
34.6771	12.6986	>>35.4599	7.9988
35.4599	7.9988	>>35.4134	6.43329
35.4134	6.43329	>>33.3787	4.11218
33.3787	4.11218	>>35.6864	3.68674
35.6864	3.68674	>>36.4934	-0.615268
36.4934	-0.615268	>>33.3765	-0.663179
33.3765	-0.663179	>>31.3281	1.11822
31.3281	1.11822	>>32.8892	0.994667
32.8892	0.994667	>>33.0547	5.02111
33.0547	5.02111	>>32.2887	3.01665
32.2887	3.01665	>>32.4657	-2.85329
32.4657	-2.85329	>>35.439	-2.41089
35.439	-2.41089	>>38.0921	-3.30023
38.0921	-3.30023	>>36.5727	-0.407514
36.5727	-0.407514	>>39.1181	0.530927
39.1181	0.530927	>>38.2669	-3.28833
38.2669	-3.28833	>>38.4661	2.41586
38.4661	2.41586	>>35.7754	1.69315
35.7754	1.69315	>>35.3853	-3.23645
35.3853	-3.23645	>>34.9747	0.796
34.9747	0.796	>>36.6767	-0.00174856
36.6767	-0.00174856	>>36.6479	5.61757
36.6479	5.61757	>>38.439	5.77129
38.439	5.77129	>>37.6597	7.99107
37.6597	7.99107	>>37.48	13.279
37.48	13.279	>>36.3645	13.9965
36.3645	13.9965	>>36.271	9.27315
36.271	9.27315	>>36.1244	15.1123
36.1244	15.1123	>>33.9937	14.6872
33.9937	14.6872	>>31.7652	14.5016
31.7652	14.5016	>>31.7573	20.7307
31.7573	20.7307	>>31.6993	14.5589
31.6993	14.5589	>>32.3002	18.6981
32.3002	18.6981	>>32.9481	23.6595
32.9481	23.6595	>>30.2208	22.7015
30.2208	22.7015	>>29.9483	27.9756
29.9483	27.9756	>>30.8553	29.9201
30.8553	29.9201	>>32.5493	32.8349
32.5493	32.8349	>>29.957	32.0187
29.957	32.0187	>>29.2475	33.6217
29.2475	33.6217	>>29.2968	33.7531
29.2968	33.7531	>>29.2583	39.7311
29.2583	39.7311	>>29.3198	45.9053
29.3198	45.9053	>>27.9988	43.4643
27.9988	43.4643	>>29.3598	43.5074
29.3598	43.5074	>>29.5529	38.7249
29.5529	38.7249	>>30.4636	36.7421
30.4636	36.7421	>>30.7704	38.1642
30.7704	38.1642	>>30.3309	34.8837
30.3309	34.8837	>>28.7267	33.9468
28.7267	33.9468	>>28.5035	39.0547
28.5035	39.0547	>>30.4925	39.155
30.4925	39.155	>>33.4131	39.2801
33.4131	39.2801	>>32.4042	42.228
32.4042	42.228	>>33.1263	45.7028
33.1263	45.7028	>>31.9341	49.5618
31.9341	49.5618	>>29.892	51.2493
29.892	51.2493	>>29.8685	47.314
29.8685	47.314	>>31.4527	44.3257
31.4527	44.3257	>>28.985	45.2963
28.985	45.2963	>>30.7083	44.823
30.7083	44.823	>>30.1381	41.4437
30.1381	41.4437	>>31.4093	37.6172
31.4093	37.6172	>>34.0935	37.4983
34.0935	37.4983	>>34.1471	34.022
34.1471	34.022	>>33.6522	29.2973
33.6522	29.2973	>>32.6844	25.2341
32.6844	25.2341	>>32.9161	19.5342
32.9161	19.5342	>>31.7646	22.3177
31.7646	22.3177	>>32.0543	18.4973
32.0543	18.4973	>>32.1552	16.3985
32.1552	16.3985	>>33.7616	14.5739
33.7616	14.5739	>>33.5001	17.9998
33.5001	17.9998	>>33.4918	18.0019
33.4918	18.0019	>>33.5675	17.679
33.5675	17.679	>>35.7635	15.9347
35.7635	15.9347	>>36.0302	20.4815
36.0302	20.4815	>>36.7355	19.3129
36.7355	19.3129	>>36.602	15.2022
36.602	15.2022	>>37.9897	11.9773
37.9897	11.9773	>>38.873	12.3735
38.873	12.3735	>>41.1343	12.5728
41.1343	12.5728	>>39.5399	9.94821
39.5399	9.94821	>>37.7123	11.2428
37.7123	11.2428	>>37.7699	5.14125
37.7699	5.14125	>>37.2905	3.49725
37.2905	3.49725	>>37.2599	-2.57764
37.2599	-2.57764	>>37.0165	-6.41008
37.0165	-6.41008	>>34.202	-6.64953
34.202	-6.64953	>>35.0015	-5.19294
35.0015	-5.19294	>>37.0637	-5.15066
37.0637	-5.15066	>>39.7694	-4.52291
39.7694	-4.52291	>>39.9057	1.55245
39.9057	1.55245	>>38.2771	4.18346
38.2771	4.18346	>>38.7431	8.61187
38.7431	8.61187	>>38.7804	9.25196
38.7804	9.25196	>>38.7974	3.11051
38.7974	3.11051	>>37.7986	3.82501
37.7986	3.82501	>>38.6381	0.616889
38.6381	0.616889	>>40.5827	0.80411
40.5827	0.80411	>>38.9004	-1.49279
38.9004	-1.49279	>>38.6649	2.14128
38.6649	2.14128	>>40.1488	0.714272
40.1488	0.714272	>>39.3738	5.39316
39.3738	5.39316	>>37.1603	4.10913
37.1603	4.10913	>>35.5989	3.38597
35.5989	3.38597	>>33.1284	4.11507
33.1284	4.11507	>>31.0434	3.83457
31.0434	3.83457	>>33.6618	4.56316
33.6618	4.56316	>>34.78	8.06042
34.78	8.06042	>>34.309	12.2591
34.309	12.2591	>>34.1686	18.0203
34.1686	18.0203	>>33.8021	12.8196
33.8021	12.8196	>>34.6477	9.29797
34.6477	9.29797	>>33.6255	5.34529
33.6255	5.34529	>>31.6296	3.98487
31.6296	3.98487	>>31.236	8.51489
31.236	8.51489	>>31.203	2.45436
31.203	2.45436	>>31.6474	-2.78664
31.6474	-2.78664	>>32.4507	-7.41363
32.4507	-7.41363	>>35.1217	-8.1982
35.1217	-8.1982	>>36.4526	-4.91152
36.4526	-4.91152	>>39.1687	-5.62289
39.1687	-5.62289	>>40.6173	-6.11139
40.6173	-6.11139	>>38.392	-5.13362
38.392	-5.13362	>>35.9016	-4.95438
35.9016	-4.95438	>>34.4833	-2.02611
34.4833	-2.02611	>>33.4741	-2.6612
33.4741	-2.6612	>>30.6773	-2.27202
30.6773	-2.27202	>>31.0315	-7.77824
31.0315	-7.77824	>>29.9688	-6.59452
29.9688	-6.59452	>>32.8428	-6.06635
32.8428	-6.06635	>>34.1829	-2.30603
34.1829	-2.30603	>>33.4101	2.28544
33.4101	2.28544	>>32.2454	5.22261
32.2454	5.22261	>>32.2483	11.2525
32.2483	11.2525	>>32.2463	17.5037
32.2463	17.5037	>>32.2475	11.2637
32.2475	11.2637	>>32.2392	17.3698
32.2392	17.3698	>>32.3541	17.3868
32.3541	17.3868	>>30.3882	16.3418
30.3882	16.3418	>>28.1396	17.7496
28.1396	17.7496	>>28.1304	22.5686
28.1304	22.5686	>>26.559	19.8044
26.559	19.8044	>>24.7335	18.1337
24.7335	18.1337	>>24.9589	17.063
24.9589	17.063	>>22.7825	18.1164
22.7825	18.1164	>>22.053	18.3965
22.053	18.3965	>>24.8817	17.7262
24.8817	17.7262	>>24.1803	13.5952
24.1803	13.5952	>>23.024	11.8495
23.024	11.8495	>>25.9558	12.0898
25.9558	12.0898	>>23.2019	12.7266
23.2019	12.7266	>>22.9579	18.5608
22.9579	18.5608	>>20.8424	19.6721
20.8424	19.6721	>>19.3454	16.4729
19.3454	16.4729	>>18.7267	11.4863
18.7267	11.4863	>>18.6651	17.6615
18.6651	17.6615	>>20.0211	14.968
20.0211	14.968	>>21.2358	14.1855
21.2358	14.1855	>>21.1045	18.7733
21.1045	18.7733	>>21.8061	22.3653
21.8061	22.3653	>>22.9728	22.0166
22.9728	22.0166	>>22.3297	23.0446
22.3297	23.0446	>>23.1772	18.5728
23.1772	18.5728	>>22.148	15.425
22.148	15.425	>>23.6032	12.2187
23.6032	12.2187	>>24.5399	8.63221
24.5399	8.63221	>>27.5447	8.39445
27.5447	8.39445	>>24.6444	8.92088
24.6444	8.92088	>>23.088	11.8721
23.088	11.8721	>>25.7065	11.7857
25.7065	11.7857	>>25.3802	6.51363
25.3802	6.51363	>>25.7824	2.33886
25.7824	2.33886	>>26.4396	-0.00657988
26.4396	-0.00657988	>>26.1958	-2.33071
26.1958	-2.33071	>>25.3835	1.10456
25.3835	1.10456	>>27.7058	0.295311
27.7058	0.295311	>>27.2924	-4.57562
27.2924	-4.57562	>>26.5419	-8.39996
26.5419	-8.39996	>>29.401	-7.99445
29.401	-7.99445	>>29.5828	-11.6203
29.5828	-11.6203	>>26.9121	-11.2393
26.9121	-11.2393	>>27.279	-14.4689
27.279	-14.4689	>>27.5322	-20.0202
27.5322	-20.0202	>>26.7656	-18.7823
26.7656	-18.7823	>>26.6053	-24.6665
26.6053	-24.6665	>>24.5095	-26.3731
24.5095	-26.3731	>>27.6368	-26.4053
1000-th E = 3.12748
Minimum Founded: -0.703225
