0 0
2.26757e-05 0.0313395
4.53515e-05 0.0626483
6.80272e-05 0.0938955
9.07029e-05 0.125051
0.000113379 0.156083
0.000136054 0.186961
0.00015873 0.217657
0.000181406 0.248138
0.000204082 0.278375
0.000226757 0.308339
0.000249433 0.338
0.000272109 0.36733
0.000294785 0.396298
0.00031746 0.424877
0.000340136 0.453038
0.000362812 0.480754
0.000385487 0.507998
0.000408163 0.534744
0.000430839 0.560963
0.000453515 0.586632
0.00047619 0.611724
0.000498866 0.636215
0.000521542 0.660082
0.000544218 0.6833
0.000566893 0.705846
0.000589569 0.727699
0.000612245 0.748837
0.00063492 0.76924
0.000657596 0.788887
0.000680272 0.807759
0.000702948 0.825837
0.000725623 0.843104
0.000748299 0.859543
0.000770975 0.875137
0.000793651 0.889872
0.000816326 0.903732
0.000839002 0.916704
0.000861678 0.928776
0.000884353 0.939936
0.000907029 0.950172
0.000929705 0.959475
0.000952381 0.967835
0.000975056 0.975244
0.000997732 0.981695
0.00102041 0.987182
0.00104308 0.991699
0.00106576 0.995241
0.00108844 0.997806
0.00111111 0.999391
0.00113379 0.999994
0.00115646 0.999614
0.00117914 0.998253
0.00120181 0.99591
0.00122449 0.99259
0.00124717 0.988294
0.00126984 0.983027
0.00129252 0.976795
0.00131519 0.969603
0.00133787 0.961458
0.00136054 0.952369
0.00138322 0.942344
0.0014059 0.931394
0.00142857 0.919528
0.00145125 0.906759
0.00147392 0.8931
0.0014966 0.878563
0.00151927 0.863162
0.00154195 0.846914
0.00156463 0.829834
0.0015873 0.811939
0.00160998 0.793246
0.00163265 0.773773
0.00165533 0.753541
0.001678 0.732568
0.00170068 0.710876
0.00172336 0.688485
0.00174603 0.665418
0.00176871 0.641697
0.00179138 0.617345
0.00181406 0.592387
0.00183673 0.566848
0.00185941 0.540751
0.00188209 0.514123
0.00190476 0.48699
0.00192744 0.459379
0.00195011 0.431316
0.00197279 0.40283
0.00199546 0.373947
0.00201814 0.344698
0.00204082 0.315109
0.00206349 0.285211
0.00208617 0.255033
0.00210884 0.224605
0.00213152 0.193955
0.0021542 0.163115
0.00217687 0.132115
0.00219955 0.100985
0.00222222 0.0697564
0.0022449 0.0384588
0.00226757 0.00712338
0.00229025 -0.024219
0.00231293 -0.0555376
0.0023356 -0.0868017
0.00235828 -0.11798
0.00238095 -0.149043
0.00240363 -0.17996
0.00242631 -0.210699
0.00244898 -0.241232
0.00247166 -0.271528
0.00249433 -0.301557
0.00251701 -0.331289
0.00253968 -0.360696
0.00256236 -0.389749
0.00258504 -0.418419
0.00260771 -0.446678
0.00263039 -0.474498
0.00265306 -0.501852
0.00267574 -0.528713
0.00269842 -0.555054
0.00272109 -0.58085
0.00274377 -0.606076
0.00276644 -0.630706
0.00278912 -0.654717
0.00281179 -0.678084
0.00283447 -0.700785
0.00285715 -0.722798
0.00287982 -0.7441
0.0029025 -0.764672
0.00292517 -0.784492
0.00294785 -0.803542
0.00297053 -0.821802
0.0029932 -0.839255
0.00301588 -0.855883
0.00303855 -0.871671
0.00306123 -0.886602
0.0030839 -0.900662
0.00310658 -0.913837
0.00312926 -0.926115
0.00315193 -0.937482
0.00317461 -0.947929
0.00319728 -0.957445
0.00321996 -0.96602
0.00324264 -0.973645
0.00326531 -0.980315
0.00328799 -0.986021
0.00331066 -0.990758
0.00333334 -0.994523
0.00335601 -0.99731
0.00337869 -0.999117
0.00340137 -0.999943
0.00342404 -0.999786
0.00344672 -0.998648
0.00346939 -0.996528
0.00349207 -0.993429
0.00351475 -0.989354
0.00353742 -0.984308
0.0035601 -0.978294
0.00358277 -0.971319
0.00360545 -0.96339
0.00362812 -0.954514
0.0036508 -0.944701
0.00367348 -0.93396
0.00369615 -0.922301
0.00371883 -0.909736
0.0037415 -0.896277
0.00376418 -0.881938
0.00378686 -0.866732
0.00380953 -0.850675
0.00383221 -0.833782
0.00385488 -0.81607
0.00387756 -0.797556
0.00390024 -0.778259
0.00392291 -0.758197
0.00394559 -0.73739
0.00396826 -0.715859
0.00399094 -0.693625
0.00401361 -0.670709
0.00403629 -0.647134
0.00405897 -0.622924
0.00408164 -0.598101
0.00410432 -0.572691
0.00412699 -0.546719
0.00414967 -0.520209
0.00417235 -0.493188
0.00419502 -0.465683
0.0042177 -0.43772
0.00424037 -0.409327
0.00426305 -0.380532
0.00428572 -0.351363
0.0043084 -0.321849
0.00433108 -0.292019
0.00435375 -0.261902
0.00437643 -0.231527
0.0043991 -0.200925
0.00442178 -0.170126
0.00444446 -0.13916
0.00446713 -0.108056
0.00448981 -0.0768472
0.00451248 -0.0455624
0.00453516 -0.0142329
0.00455783 0.0171106
0.00458051 0.0484373
0.00460319 0.0797165
0.00462586 0.110917
0.00464854 0.142009
0.00467121 0.172961
0.00469389 0.203744
0.00471657 0.234326
0.00473924 0.264678
0.00476192 0.29477
0.00478459 0.324573
0.00480727 0.354056
0.00482994 0.383192
0.00485262 0.411951
0.0048753 0.440306
0.00489797 0.468228
0.00492065 0.49569
0.00494332 0.522665
0.004966 0.549126
0.00498868 0.575048
0.00501135 0.600405
0.00503403 0.625173
0.0050567 0.649326
0.00507938 0.672841
0.00510205 0.695695
0.00512473 0.717866
0.00514741 0.739331
0.00517008 0.760071
0.00519276 0.780063
0.00521543 0.799289
0.00523811 0.81773
0.00526079 0.835368
0.00528346 0.852184
0.00530614 0.868164
0.00532881 0.883291
0.00535149 0.89755
0.00537416 0.910927
0.00539684 0.923409
0.00541952 0.934984
0.00544219 0.945641
0.00546487 0.955368
0.00548754 0.964157
0.00551022 0.971999
0.0055329 0.978886
0.00555557 0.984811
0.00557825 0.989769
0.00560092 0.993754
0.0056236 0.996763
0.00564627 0.998793
0.00566895 0.999842
0.00569163 0.999908
0.0057143 0.998992
0.00573698 0.997095
0.00575965 0.994218
0.00578233 0.990364
0.00580501 0.985537
0.00582768 0.979742
0.00585036 0.972985
0.00587303 0.965272
0.00589571 0.95661
0.00591838 0.947009
0.00594106 0.936477
0.00596374 0.925025
0.00598641 0.912665
0.00600909 0.899408
0.00603176 0.885267
0.00605444 0.870256
0.00607712 0.854391
0.00609979 0.837686
0.00612247 0.820159
0.00614514 0.801825
0.00616782 0.782704
0.0061905 0.762814
0.00621317 0.742174
0.00623585 0.720806
0.00625852 0.698729
0.0062812 0.675966
0.00630387 0.652538
0.00632655 0.62847
0.00634923 0.603784
0.0063719 0.578505
0.00639458 0.552658
0.00641725 0.526268
0.00643993 0.499361
0.00646261 0.471963
0.00648528 0.444101
0.00650796 0.415803
0.00653063 0.387097
0.00655331 0.358011
0.00657598 0.328572
0.00659866 0.298811
0.00662134 0.268757
0.00664401 0.238438
0.00666669 0.207885
0.00668936 0.177128
0.00671204 0.146197
0.00673472 0.115122
0.00675739 0.0839341
0.00678007 0.0526637
0.00680274 0.0213417
0.00682542 -0.0100014
0.00684809 -0.0413346
0.00687077 -0.0726272
0.00689345 -0.103848
0.00691612 -0.134968
0.0069388 -0.165954
0.00696147 -0.196778
0.00698415 -0.227408
0.00700683 -0.257815
0.0070295 -0.287969
0.00705218 -0.317839
0.00707485 -0.347398
0.00709753 -0.376615
0.0071202 -0.405462
0.00714288 -0.433911
0.00716556 -0.461933
0.00718823 -0.489502
0.00721091 -0.51659
0.00723358 -0.54317
0.00725626 -0.569217
0.00727894 -0.594705
0.00730161 -0.619608
0.00732429 -0.643902
0.00734696 -0.667564
0.00736964 -0.69057
0.00739231 -0.712898
0.00741499 -0.734525
0.00743767 -0.755431
0.00746034 -0.775595
0.00748302 -0.794996
0.00750569 -0.813617
0.00752837 -0.831438
0.00755105 -0.848443
0.00757372 -0.864614
0.0075964 -0.879935
0.00761907 -0.894392
0.00764175 -0.907971
0.00766442 -0.920657
0.0076871 -0.932439
0.00770978 -0.943305
0.00773245 -0.953244
0.00775513 -0.962247
0.0077778 -0.970304
0.00780048 -0.977408
0.00782316 -0.983552
0.00784583 -0.988729
0.00786851 -0.992936
0.00789118 -0.996167
0.00791386 -0.998419
0.00793653 -0.99969
0.00795921 -0.999979
0.00798189 -0.999286
0.00800456 -0.997611
0.00802724 -0.994956
0.00804991 -0.991324
0.00807259 -0.986717
0.00809527 -0.981142
0.00811794 -0.974602
0.00814062 -0.967105
0.00816329 -0.958658
0.00818597 -0.949269
0.00820864 -0.938947
0.00823132 -0.927703
0.008254 -0.915548
0.00827667 -0.902493
0.00829935 -0.888551
0.00832202 -0.873737
0.0083447 -0.858064
0.00836738 -0.841549
0.00839005 -0.824206
0.00841273 -0.806054
0.0084354 -0.78711
0.00845808 -0.767392
0.00848075 -0.746921
0.00850343 -0.725716
0.00852611 -0.703798
0.00854878 -0.681189
0.00857146 -0.65791
0.00859413 -0.633985
0.00861681 -0.609437
0.00863949 -0.584291
0.00866216 -0.55857
0.00868484 -0.532301
0.00870751 -0.505508
0.00873019 -0.47822
0.00875286 -0.450461
0.00877554 -0.42226
0.00879822 -0.393644
0.00882089 -0.364641
0.00884357 -0.33528
0.00886624 -0.305589
0.00888892 -0.275599
0.0089116 -0.245337
0.00893427 -0.214835
0.00895695 -0.184121
0.00897962 -0.153227
0.0090023 -0.122182
0.00902497 -0.0910174
0.00904765 -0.059763
0.00907033 -0.02845
0.009093 0.00289099
0.00911568 0.0342291
0.00913835 0.0655336
0.00916103 0.0967738
0.00918371 0.127919
0.00920638 0.158938
0.00922906 0.189801
0.00925173 0.220478
0.00927441 0.250938
0.00929708 0.281152
0.00931976 0.31109
0.00934244 0.340721
0.00936511 0.370018
0.00938779 0.398952
0.00941046 0.427494
0.00943314 0.455615
0.00945582 0.483289
0.00947849 0.510489
0.00950117 0.537187
0.00952384 0.563357
0.00954652 0.588973
0.0095692 0.614011
0.00959187 0.638446
0.00961455 0.662253
0.00963722 0.68541
0.0096599 0.707894
0.00968257 0.729682
0.00970525 0.750753
0.00972793 0.771087
0.0097506 0.790663
0.00977328 0.809462
0.00979595 0.827466
0.00981863 0.844658
0.00984131 0.861019
0.00986398 0.876535
0.00988666 0.891189
0.00990933 0.904968
0.00993201 0.917858
0.00995468 0.929846
0.00997736 0.940921
