0 0
2.26757e-05 0.0469997
4.53515e-05 0.0938955
6.80272e-05 0.140584
9.07029e-05 0.186961
0.000113379 0.232926
0.000136054 0.278375
0.00015873 0.32321
0.000181406 0.36733
0.000204082 0.410638
0.000226757 0.453038
0.000249433 0.494437
0.000272109 0.534744
0.000294785 0.573868
0.00031746 0.611724
0.000340136 0.648228
0.000362812 0.6833
0.000385487 0.716861
0.000408163 0.748838
0.000430839 0.779159
0.000453515 0.807759
0.00047619 0.834573
0.000498866 0.859543
0.000521542 0.882613
0.000544218 0.903732
0.000566893 0.922854
0.000589569 0.939936
0.000612245 0.954941
0.00063492 0.967835
0.000657596 0.97859
0.000680272 0.987182
0.000702948 0.993592
0.000725623 0.997806
0.000748299 0.999815
0.000770975 0.999614
0.000793651 0.997204
0.000816326 0.99259
0.000839002 0.985782
0.000861678 0.976795
0.000884353 0.965649
0.000907029 0.952369
0.000929705 0.936984
0.000952381 0.919528
0.000975056 0.90004
0.000997732 0.878563
0.00102041 0.855143
0.00104308 0.829834
0.00106576 0.802691
0.00108844 0.773773
0.00111111 0.743146
0.00113379 0.710875
0.00115646 0.677034
0.00117914 0.641697
0.00120181 0.604941
0.00122449 0.566848
0.00124717 0.527502
0.00126984 0.48699
0.00129252 0.445402
0.00131519 0.40283
0.00133787 0.359367
0.00136054 0.31511
0.00138322 0.270156
0.0014059 0.224606
0.00142857 0.178558
0.00145125 0.132117
0.00147392 0.0853831
0.0014966 0.0384607
0.00151927 -0.0085467
0.00154195 -0.0555352
0.00156463 -0.102401
0.0015873 -0.14904
0.00160998 -0.19535
0.00163265 -0.241229
0.00165533 -0.286574
0.001678 -0.331286
0.00170068 -0.375265
0.00172336 -0.418415
0.00174603 -0.460641
0.00176871 -0.501848
0.00179138 -0.541946
0.00181406 -0.580846
0.00183673 -0.618463
0.00185941 -0.654712
0.00188209 -0.689515
0.00190476 -0.722793
0.00192744 -0.754474
0.00195011 -0.784488
0.00197279 -0.812768
0.00199546 -0.839251
0.00201814 -0.86388
0.00204082 -0.886599
0.00206349 -0.907358
0.00208617 -0.926112
0.00210884 -0.942819
0.00213152 -0.957443
0.0021542 -0.96995
0.00217687 -0.980313
0.00219955 -0.98851
0.00222222 -0.994522
0.0022449 -0.998336
0.00226757 -0.999943
0.00229025 -0.99934
0.00231293 -0.996528
0.0023356 -0.991514
0.00235828 -0.984309
0.00238095 -0.974928
0.00240363 -0.963392
0.00242631 -0.949726
0.00244898 -0.933962
0.00247166 -0.916133
0.00249433 -0.89628
0.00251701 -0.874446
0.00253968 -0.850678
0.00256236 -0.825031
0.00258504 -0.79756
0.00260771 -0.768327
0.00263039 -0.737395
0.00265306 -0.704834
0.00267574 -0.670714
0.00269842 -0.635112
0.00272109 -0.598107
0.00274377 -0.559779
0.00276644 -0.520215
0.00278912 -0.4795
0.00281179 -0.437726
0.00283447 -0.394984
0.00285715 -0.351369
0.00287982 -0.306978
0.0029025 -0.261908
0.00292517 -0.216259
0.00294785 -0.170133
0.00297053 -0.12363
0.0029932 -0.0768539
0.00301588 -0.0299081
0.00303855 0.0171039
0.00306123 0.064078
0.0030839 0.110911
0.00310658 0.157498
0.00312926 0.203737
0.00315193 0.249526
0.00317461 0.294764
0.00319728 0.33935
0.00321996 0.383186
0.00324264 0.426175
0.00326531 0.468222
0.00328799 0.509234
0.00331066 0.549121
0.00333334 0.587794
0.00335601 0.625167
0.00337869 0.66116
0.00340137 0.69569
0.00342404 0.728684
0.00344672 0.760066
0.00346939 0.789769
0.00349207 0.817726
0.00351475 0.843876
0.00353742 0.868161
0.0035601 0.890527
0.00358277 0.910924
0.00360545 0.929308
0.00362812 0.945639
0.0036508 0.959879
0.00367348 0.971998
0.00369615 0.981968
0.00371883 0.989768
0.0037415 0.99538
0.00376418 0.998793
0.00378686 0.999998
0.00380953 0.998992
0.00383221 0.995779
0.00385488 0.990365
0.00387756 0.982762
0.00390024 0.972987
0.00392291 0.961061
0.00394559 0.947011
0.00396826 0.930868
0.00399094 0.912667
0.00401361 0.89245
0.00403629 0.87026
0.00405897 0.846146
0.00408164 0.820162
0.00410432 0.792366
0.00412699 0.762818
0.00414967 0.731584
0.00417235 0.698734
0.00419502 0.664339
0.0042177 0.628475
0.00424037 0.591223
0.00426305 0.552664
0.00428572 0.512883
0.0043084 0.471969
0.00433108 0.430011
0.00435375 0.387103
0.00437643 0.34334
0.0043991 0.298818
0.00442178 0.253635
0.00444446 0.207892
0.00446713 0.161689
0.00448981 0.115129
0.00451248 0.068314
0.00453516 0.0213484
0.00455783 -0.0256644
0.00458051 -0.0726205
0.00460319 -0.119416
0.00462586 -0.165948
0.00464854 -0.212113
0.00467121 -0.257809
0.00469389 -0.302935
0.00471657 -0.347391
0.00473924 -0.39108
0.00476192 -0.433905
0.00478459 -0.47577
0.00480727 -0.516584
0.00482994 -0.556256
0.00485262 -0.594699
0.0048753 -0.631827
0.00489797 -0.667559
0.00492065 -0.701816
0.00494332 -0.734521
0.004966 -0.765603
0.00498868 -0.794992
0.00501135 -0.822625
0.00503403 -0.848439
0.0050567 -0.872378
0.00507938 -0.894389
0.00510205 -0.914423
0.00512473 -0.932436
0.00514741 -0.948389
0.00517008 -0.962245
0.00519276 -0.973974
0.00521543 -0.983551
0.00523811 -0.990954
0.00526079 -0.996166
0.00528346 -0.999177
0.00530614 -0.999979
0.00532881 -0.998572
0.00535149 -0.994957
0.00537416 -0.989143
0.00539684 -0.981143
0.00541952 -0.970974
0.00544219 -0.958659
0.00546487 -0.944226
0.00548754 -0.927705
0.00551022 -0.909135
0.0055329 -0.888554
0.00555557 -0.86601
0.00557825 -0.841552
0.00560092 -0.815234
0.0056236 -0.787113
0.00564627 -0.757254
0.00566895 -0.72572
0.00569163 -0.692583
0.0057143 -0.657915
0.00573698 -0.621792
0.00575965 -0.584296
0.00578233 -0.545507
0.00580501 -0.505514
0.00582768 -0.464403
0.00585036 -0.422265
0.00587303 -0.379194
0.00589571 -0.335285
0.00591838 -0.290636
0.00594106 -0.245343
0.00596374 -0.199509
0.00598641 -0.153233
0.00600909 -0.106619
0.00603176 -0.0597691
0.00605444 -0.0127872
0.00607712 0.034223
0.00609979 0.0811576
0.00612247 0.127913
0.00614514 0.174385
0.00616782 0.220472
0.0061905 0.266072
0.00621317 0.311084
0.00623585 0.355408
0.00625852 0.398946
0.0062812 0.441603
0.00630387 0.483284
0.00632655 0.523897
0.00634923 0.563351
0.0063719 0.601561
0.00639458 0.638441
0.00641725 0.67391
0.00643993 0.707889
0.00646261 0.740304
0.00648528 0.771083
0.00650796 0.800157
0.00653063 0.827463
0.00655331 0.85294
0.00657598 0.876532
0.00659866 0.898186
0.00662134 0.917856
0.00664401 0.935496
0.00666669 0.951069
0.00668936 0.96454
0.00671204 0.975879
0.00673472 0.985061
0.00675739 0.992066
0.00678007 0.996879
0.00680274 0.999488
0.00682542 0.999887
0.00684809 0.998077
0.00687077 0.994061
0.00689345 0.987848
0.00691612 0.979452
0.0069388 0.96889
0.00696147 0.956188
0.00698415 0.941372
0.00700683 0.924475
0.0070295 0.905535
0.00705218 0.884593
0.00707485 0.861697
0.00709753 0.836896
0.0071202 0.810245
0.00714288 0.781803
0.00716556 0.751634
0.00718823 0.719803
0.00721091 0.686381
0.00723358 0.651442
0.00725626 0.615063
0.00727894 0.577325
0.00730161 0.538311
0.00732429 0.498107
0.00734696 0.456803
0.00736964 0.414488
0.00739231 0.371258
0.00741499 0.327206
0.00743767 0.282432
0.00746034 0.237034
0.00748302 0.191111
0.00750569 0.144766
0.00752837 0.0981015
0.00755105 0.0512199
0.00757372 0.00422503
0.0075964 -0.0427791
0.00761907 -0.0896888
0.00764175 -0.1364
0.00766442 -0.18281
0.0076871 -0.228816
0.00770978 -0.274316
0.00773245 -0.31921
0.00775513 -0.363398
0.0077778 -0.406783
0.00780048 -0.449269
0.00782316 -0.490762
0.00784583 -0.53117
0.00786851 -0.570404
0.00789118 -0.608378
0.00791386 -0.645007
0.00793653 -0.680211
0.00795921 -0.713911
0.00798189 -0.746033
0.00800456 -0.776506
0.00802724 -0.805263
0.00804991 -0.83224
0.00807259 -0.857378
0.00809527 -0.880621
0.00811794 -0.901917
0.00814062 -0.92122
0.00816329 -0.938487
0.00818597 -0.95368
0.00820864 -0.966764
0.00823132 -0.977712
0.008254 -0.9865
0.00827667 -0.993106
0.00829935 -0.997518
0.00832202 -0.999725
0.0083447 -0.999722
0.00836738 -0.99751
0.00839005 -0.993093
0.00841273 -0.986481
0.0084354 -0.977689
0.00845808 -0.966736
0.00848075 -0.953646
0.00850343 -0.938449
0.00852611 -0.921177
0.00854878 -0.901869
0.00857146 -0.880568
0.00859413 -0.857321
0.00861681 -0.832179
0.00863949 -0.805197
0.00866216 -0.776436
0.00868484 -0.745959
0.00870751 -0.713833
0.00873019 -0.68013
0.00875286 -0.644923
0.00877554 -0.60829
0.00879822 -0.570314
0.00882089 -0.531076
0.00884357 -0.490665
0.00886624 -0.44917
0.00888892 -0.406682
0.0089116 -0.363294
0.00893427 -0.319104
0.00895695 -0.274209
0.00897962 -0.228707
0.0090023 -0.1827
0.00902497 -0.13629
0.00904765 -0.0895778
0.00907033 -0.0426678
0.009093 0.00433647
0.00911568 0.0513312
0.00913835 0.0982124
0.00916103 0.144877
0.00918371 0.191221
0.00920638 0.237142
0.00922906 0.282539
0.00925173 0.327312
0.00927441 0.371361
0.00929708 0.414589
0.00931976 0.456902
0.00934244 0.498204
0.00936511 0.538405
0.00938779 0.577416
0.00941046 0.615151
0.00943314 0.651527
0.00945582 0.686462
0.00947849 0.71988
0.00950117 0.751707
0.00952384 0.781873
0.00954652 0.81031
0.0095692 0.836957
0.00959187 0.861753
0.00961455 0.884645
0.00963722 0.905582
0.0096599 0.924517
0.00968257 0.941409
0.00970525 0.95622
0.00972793 0.968918
0.0097506 0.979474
0.00977328 0.987866
0.00979595 0.994074
0.00981863 0.998084
0.00984131 0.999889
0.00986398 0.999484
0.00988666 0.99687
0.00990933 0.992052
0.00993201 0.985042
0.00995468 0.975855
0.00997736 0.964511
