0 0
2.26757e-05 0.0626483
4.53515e-05 0.125051
6.80272e-05 0.186961
9.07029e-05 0.248138
0.000113379 0.308339
0.000136054 0.36733
0.00015873 0.424877
0.000181406 0.480754
0.000204082 0.534744
0.000226757 0.586632
0.000249433 0.636216
0.000272109 0.6833
0.000294785 0.727699
0.00031746 0.76924
0.000340136 0.807759
0.000362812 0.843104
0.000385487 0.875137
0.000408163 0.903732
0.000430839 0.928776
0.000453515 0.950172
0.00047619 0.967835
0.000498866 0.981695
0.000521542 0.991699
0.000544218 0.997806
0.000566893 0.999994
0.000589569 0.998253
0.000612245 0.99259
0.00063492 0.983027
0.000657596 0.969603
0.000680272 0.952369
0.000702948 0.931394
0.000725623 0.906759
0.000748299 0.878563
0.000770975 0.846914
0.000793651 0.811939
0.000816326 0.773773
0.000839002 0.732568
0.000861678 0.688485
0.000884353 0.641697
0.000907029 0.592387
0.000929705 0.540751
0.000952381 0.48699
0.000975056 0.431316
0.000997732 0.373947
0.00102041 0.315109
0.00104308 0.255034
0.00106576 0.193956
0.00108844 0.132117
0.00111111 0.069758
0.00113379 0.00712531
0.00115646 -0.0555354
0.00117914 -0.117978
0.00120181 -0.179957
0.00122449 -0.241229
0.00124717 -0.301553
0.00126984 -0.360693
0.00129252 -0.418415
0.00131519 -0.474494
0.00133787 -0.528709
0.00136054 -0.580846
0.00138322 -0.630702
0.0014059 -0.67808
0.00142857 -0.722793
0.00145125 -0.764668
0.00147392 -0.803538
0.0014966 -0.839251
0.00151927 -0.871667
0.00154195 -0.900659
0.00156463 -0.926112
0.0015873 -0.947927
0.00160998 -0.966017
0.00163265 -0.980313
0.00165533 -0.990757
0.001678 -0.997309
0.00170068 -0.999943
0.00172336 -0.998648
0.00174603 -0.99343
0.00176871 -0.984309
0.00179138 -0.971322
0.00181406 -0.954518
0.00183673 -0.933964
0.00185941 -0.909741
0.00188209 -0.881944
0.00190476 -0.850682
0.00192744 -0.816078
0.00195011 -0.778268
0.00197279 -0.7374
0.00199546 -0.693635
0.00201814 -0.647145
0.00204082 -0.598112
0.00206349 -0.54673
0.00208617 -0.4932
0.00210884 -0.437732
0.00213152 -0.380544
0.0021542 -0.321862
0.00217687 -0.261915
0.00219955 -0.200938
0.00222222 -0.139173
0.0022449 -0.0768607
0.00226757 -0.0142464
0.00229025 0.0484238
0.00231293 0.110904
0.0023356 0.172948
0.00235828 0.234313
0.00238095 0.294757
0.00240363 0.354043
0.00242631 0.411939
0.00244898 0.468216
0.00247166 0.522653
0.00249433 0.575037
0.00251701 0.625162
0.00253968 0.672831
0.00256236 0.717857
0.00258504 0.760062
0.00260771 0.799281
0.00263039 0.83536
0.00265306 0.868157
0.00267574 0.897544
0.00269842 0.923404
0.00272109 0.945637
0.00274377 0.964154
0.00276644 0.978883
0.00278912 0.989767
0.00281179 0.996762
0.00283447 0.999842
0.00285715 0.998993
0.00287982 0.994219
0.0029025 0.98554
0.00292517 0.972988
0.00294785 0.956614
0.00297053 0.936482
0.0029932 0.91267
0.00301588 0.885273
0.00303855 0.854398
0.00306123 0.820166
0.0030839 0.782712
0.00310658 0.742183
0.00312926 0.698739
0.00315193 0.652549
0.00317461 0.603795
0.00319728 0.552669
0.00321996 0.499372
0.00324264 0.444113
0.00326531 0.38711
0.00328799 0.328585
0.00331066 0.26877
0.00333334 0.207898
0.00335601 0.14621
0.00337869 0.0839475
0.00340137 0.0213552
0.00342404 -0.0413211
0.00344672 -0.103835
0.00346939 -0.165941
0.00349207 -0.227395
0.00351475 -0.287956
0.00353742 -0.347385
0.0035601 -0.40545
0.00358277 -0.461921
0.00360545 -0.516578
0.00362812 -0.569206
0.0036508 -0.619597
0.00367348 -0.667554
0.00369615 -0.712889
0.00371883 -0.755422
0.0037415 -0.794988
0.00376418 -0.831431
0.00378686 -0.864607
0.00380953 -0.894386
0.00383221 -0.920652
0.00385488 -0.9433
0.00387756 -0.962243
0.00390024 -0.977405
0.00392291 -0.988728
0.00394559 -0.996165
0.00396826 -0.99969
0.00399094 -0.999286
0.00401361 -0.994957
0.00403629 -0.986719
0.00405897 -0.974605
0.00408164 -0.958661
0.00410432 -0.938952
0.00412699 -0.915553
0.00414967 -0.888557
0.00417235 -0.858071
0.00419502 -0.824213
0.0042177 -0.787118
0.00424037 -0.74693
0.00426305 -0.703807
0.00428572 -0.65792
0.0043084 -0.609447
0.00433108 -0.558581
0.00435375 -0.50552
0.00437643 -0.450472
0.0043991 -0.393655
0.00442178 -0.335292
0.00444446 -0.275611
0.00446713 -0.214847
0.00448981 -0.15324
0.00451248 -0.0910302
0.00453516 -0.0284629
0.00455783 0.0342163
0.00458051 0.096761
0.00460319 0.158926
0.00462586 0.220466
0.00464854 0.28114
0.00467121 0.340709
0.00469389 0.39894
0.00471657 0.455604
0.00473924 0.510478
0.00476192 0.563346
0.00478459 0.614001
0.00480727 0.662244
0.00482994 0.707885
0.00485262 0.750745
0.0048753 0.790655
0.00489797 0.827459
0.00492065 0.861013
0.00494332 0.891183
0.004966 0.917853
0.00498868 0.940916
0.00501135 0.960283
0.00503403 0.975878
0.0050567 0.987638
0.00507938 0.995518
0.00510205 0.999487
0.00512473 0.99953
0.00514741 0.995645
0.00517008 0.987849
0.00519276 0.976172
0.00521543 0.96066
0.00523811 0.941374
0.00526079 0.918389
0.00528346 0.891797
0.00530614 0.8617
0.00532881 0.828219
0.00535149 0.791483
0.00537416 0.751638
0.00539684 0.70884
0.00541952 0.663257
0.00544219 0.615069
0.00546487 0.564464
0.00548754 0.511641
0.00551022 0.456809
0.0055329 0.400181
0.00555557 0.341982
0.00557825 0.282439
0.00560092 0.221786
0.0056236 0.160262
0.00564627 0.0981082
0.00566895 0.0355691
0.00569163 -0.0271097
0.0057143 -0.089682
0.00573698 -0.151902
0.00575965 -0.213525
0.00578233 -0.27431
0.00580501 -0.334016
0.00582768 -0.392411
0.00585036 -0.449263
0.00587303 -0.504351
0.00589571 -0.557457
0.00591838 -0.608373
0.00594106 -0.6569
0.00596374 -0.702845
0.00598641 -0.746029
0.00600909 -0.786282
0.00603176 -0.823446
0.00605444 -0.857375
0.00607712 -0.887935
0.00609979 -0.915008
0.00612247 -0.938485
0.00614514 -0.958275
0.00616782 -0.974301
0.0061905 -0.986499
0.00621317 -0.994821
0.00623585 -0.999234
0.00625852 -0.999723
0.0062812 -0.996283
0.00630387 -0.988929
0.00632655 -0.97769
0.00634923 -0.962611
0.0063719 -0.943749
0.00639458 -0.921179
0.00641725 -0.894991
0.00643993 -0.865286
0.00646261 -0.832182
0.00648528 -0.795809
0.00650796 -0.756309
0.00653063 -0.713837
0.00655331 -0.668562
0.00657598 -0.620659
0.00659866 -0.570318
0.00662134 -0.517737
0.00664401 -0.463122
0.00666669 -0.406687
0.00668936 -0.348654
0.00671204 -0.289252
0.00673472 -0.228713
0.00675739 -0.167276
0.00678007 -0.105181
0.00680274 -0.0426736
0.00682542 0.0200018
0.00684809 0.0825986
0.00687077 0.144871
0.00689345 0.206574
0.00691612 0.267466
0.0069388 0.327306
0.00696147 0.385861
0.00698415 0.4429
0.00700683 0.498199
0.0070295 0.551541
0.00705218 0.602715
0.00707485 0.651522
0.00709753 0.69777
0.0071202 0.741275
0.00714288 0.781869
0.00716556 0.819391
0.00718823 0.853694
0.00721091 0.884643
0.00723358 0.912116
0.00725626 0.936006
0.00727894 0.956219
0.00730161 0.972675
0.00732429 0.985309
0.00734696 0.994073
0.00736964 0.998931
0.00739231 0.999865
0.00741499 0.99687
0.00743767 0.989959
0.00746034 0.979159
0.00748302 0.964512
0.00750569 0.946076
0.00752837 0.923923
0.00755105 0.89814
0.00757372 0.868828
0.0075964 0.836103
0.00761907 0.800094
0.00764175 0.760941
0.00766442 0.718798
0.0076871 0.673832
0.00770978 0.626218
0.00773245 0.576144
0.00775513 0.523807
0.0077778 0.469411
0.00780048 0.413172
0.00782316 0.35531
0.00784583 0.296052
0.00786851 0.23563
0.00789118 0.174282
0.00791386 0.11225
0.00793653 0.0497772
0.00795921 -0.0128915
0.00798189 -0.0755096
0.00800456 -0.137831
0.00802724 -0.199611
0.00804991 -0.260607
0.00807259 -0.320579
0.00809527 -0.379291
0.00811794 -0.436513
0.00814062 -0.492021
0.00816329 -0.545595
0.00818597 -0.597026
0.00820864 -0.646111
0.00823132 -0.692658
0.008254 -0.736484
0.00827667 -0.777416
0.00829935 -0.815294
0.00832202 -0.849969
0.0083447 -0.881305
0.00836738 -0.909178
0.00839005 -0.933479
0.00841273 -0.954113
0.0084354 -0.970999
0.00845808 -0.98407
0.00848075 -0.993275
0.00850343 -0.998577
0.00852611 -0.999956
0.00854878 -0.997407
0.00857146 -0.990939
0.00859413 -0.980579
0.00861681 -0.966365
0.00863949 -0.948356
0.00866216 -0.92662
0.00868484 -0.901244
0.00870751 -0.872327
0.00873019 -0.839983
0.00875286 -0.804339
0.00877554 -0.765535
0.00879822 -0.723724
0.00882089 -0.679069
0.00884357 -0.631747
0.00886624 -0.581942
0.00888892 -0.529851
0.0089116 -0.475679
0.00893427 -0.419637
0.00895695 -0.361947
0.00897962 -0.302835
0.0090023 -0.242534
0.00902497 -0.181279
0.00904765 -0.119312
0.00907033 -0.056877
0.009093 0.00578195
0.00911568 0.0684181
0.00913835 0.130786
0.00916103 0.192639
0.00918371 0.253736
0.00920638 0.313836
0.00922906 0.372703
0.00925173 0.430105
0.00927441 0.485818
0.00929708 0.539623
0.00931976 0.591307
0.00934244 0.640668
0.00936511 0.687512
0.00938779 0.731656
0.00941046 0.772924
0.00943314 0.811156
0.00945582 0.846202
0.00947849 0.877923
0.00950117 0.906194
0.00952384 0.930906
0.00954652 0.95196
0.0095692 0.969275
0.00959187 0.982781
0.00961455 0.992426
0.00963722 0.998173
0.0096599 0.999997
0.00968257 0.997894
0.00970525 0.991869
0.00972793 0.981948
0.0097506 0.968169
0.00977328 0.950587
0.00979595 0.92927
0.00981863 0.904302
0.00984131 0.875781
0.00986398 0.84382
0.00988666 0.808544
0.00990933 0.770091
0.00993201 0.728612
0.00995468 0.684271
0.00997736 0.637242
