0 0
2.26757e-05 0.0853814
4.53515e-05 0.170139
6.80272e-05 0.253655
9.07029e-05 0.335317
0.000113379 0.414531
0.000136054 0.490717
0.00015873 0.56332
0.000181406 0.631808
0.000204082 0.695682
0.000226757 0.754476
0.000249433 0.807759
0.000272109 0.855143
0.000294785 0.896281
0.00031746 0.930874
0.000340136 0.958668
0.000362812 0.97946
0.000385487 0.9931
0.000408163 0.999486
0.000430839 0.998573
0.000453515 0.990367
0.00047619 0.974928
0.000498866 0.952369
0.000521542 0.922854
0.000544218 0.8866
0.000566893 0.84387
0.000589569 0.794977
0.000612245 0.740279
0.00063492 0.680174
0.000657596 0.615101
0.000680272 0.545536
0.000702948 0.471987
0.000725623 0.39499
0.000748299 0.315109
0.000770975 0.232927
0.000793651 0.149044
0.000816326 0.0640717
0.000839002 -0.0213682
0.000861678 -0.106652
0.000884353 -0.191157
0.000907029 -0.274266
0.000929705 -0.355372
0.000952381 -0.433882
0.000975056 -0.509224
0.000997732 -0.580846
0.00102041 -0.648227
0.00104308 -0.710873
0.00106576 -0.768328
0.00108844 -0.820171
0.00111111 -0.866024
0.00113379 -0.905553
0.00115646 -0.938468
0.00117914 -0.964529
0.00120181 -0.983545
0.00122449 -0.995379
0.00124717 -0.999943
0.00126984 -0.997204
0.00129252 -0.987182
0.00131519 -0.969951
0.00133787 -0.945635
0.00136054 -0.914414
0.00138322 -0.876514
0.0014059 -0.832213
0.00142857 -0.781833
0.00145125 -0.725744
0.00147392 -0.664355
0.0014966 -0.598113
0.00151927 -0.527503
0.00154195 -0.453041
0.00156463 -0.37527
0.0015873 -0.294758
0.00160998 -0.212094
0.00163265 -0.127881
0.00165533 -0.0427333
0.001678 0.0427261
0.00170068 0.127874
0.00172336 0.212087
0.00174603 0.294752
0.00176871 0.375263
0.00179138 0.453035
0.00181406 0.527497
0.00183673 0.598107
0.00185941 0.664349
0.00188209 0.725739
0.00190476 0.781829
0.00192744 0.832209
0.00195011 0.87651
0.00197279 0.914411
0.00199546 0.945633
0.00201814 0.969949
0.00204082 0.987181
0.00206349 0.997204
0.00208617 0.999943
0.00210884 0.995379
0.00213152 0.983546
0.0021542 0.964529
0.00217687 0.938469
0.00219955 0.905554
0.00222222 0.866025
0.0022449 0.820172
0.00226757 0.768328
0.00229025 0.710874
0.00231293 0.648227
0.0023356 0.580846
0.00235828 0.509223
0.00238095 0.433881
0.00240363 0.35537
0.00242631 0.274264
0.00244898 0.191155
0.00247166 0.106649
0.00249433 0.021365
0.00251701 -0.0640753
0.00253968 -0.149048
0.00256236 -0.232932
0.00258504 -0.315114
0.00260771 -0.394995
0.00263039 -0.471992
0.00265306 -0.545541
0.00267574 -0.615106
0.00269842 -0.680179
0.00272109 -0.740284
0.00274377 -0.794982
0.00276644 -0.843875
0.00278912 -0.886604
0.00281179 -0.922858
0.00283447 -0.952372
0.00285715 -0.97493
0.00287982 -0.990368
0.0029025 -0.998574
0.00292517 -0.999486
0.00294785 -0.993098
0.00297053 -0.979458
0.0029932 -0.958664
0.00301588 -0.930869
0.00303855 -0.896275
0.00306123 -0.855135
0.0030839 -0.80775
0.00310658 -0.754466
0.00312926 -0.695671
0.00315193 -0.631796
0.00317461 -0.563307
0.00319728 -0.490703
0.00321996 -0.414516
0.00324264 -0.335301
0.00326531 -0.253638
0.00328799 -0.170122
0.00331066 -0.0853631
0.00333334 1.87559e-05
0.00335601 0.0854005
0.00337869 0.170159
0.00340137 0.253674
0.00342404 0.335336
0.00344672 0.41455
0.00346939 0.490736
0.00349207 0.563338
0.00351475 0.631825
0.00353742 0.695698
0.0035601 0.754491
0.00358277 0.807772
0.00360545 0.855155
0.00362812 0.896292
0.0036508 0.930883
0.00367348 0.958675
0.00369615 0.979465
0.00371883 0.993103
0.0037415 0.999487
0.00376418 0.998572
0.00378686 0.990363
0.00380953 0.974922
0.00383221 0.95236
0.00385488 0.922843
0.00387756 0.886586
0.00390024 0.843854
0.00392291 0.794959
0.00394559 0.740259
0.00396826 0.680151
0.00399094 0.615077
0.00401361 0.54551
0.00403629 0.471959
0.00405897 0.394961
0.00408164 0.315079
0.00410432 0.232895
0.00412699 0.149011
0.00414967 0.0640379
0.00417235 -0.0214025
0.00419502 -0.106687
0.0042177 -0.191192
0.00424037 -0.2743
0.00426305 -0.355405
0.00428572 -0.433915
0.0043084 -0.509256
0.00433108 -0.580877
0.00435375 -0.648256
0.00437643 -0.7109
0.0043991 -0.768353
0.00442178 -0.820193
0.00444446 -0.866044
0.00446713 -0.90557
0.00448981 -0.938482
0.00451248 -0.964539
0.00453516 -0.983553
0.00455783 -0.995383
0.00458051 -0.999943
0.00460319 -0.997201
0.00462586 -0.987175
0.00464854 -0.96994
0.00467121 -0.945621
0.00469389 -0.914396
0.00471657 -0.876492
0.00473924 -0.832188
0.00476192 -0.781805
0.00478459 -0.725712
0.00480727 -0.66432
0.00482994 -0.598076
0.00485262 -0.527463
0.0048753 -0.452998
0.00489797 -0.375225
0.00492065 -0.294712
0.00494332 -0.212046
0.004966 -0.127832
0.00498868 -0.0426834
0.00501135 0.0427765
0.00503403 0.127924
0.0050567 0.212137
0.00507938 0.294801
0.00510205 0.375312
0.00512473 0.453082
0.00514741 0.527542
0.00517008 0.59815
0.00519276 0.664389
0.00521543 0.725777
0.00523811 0.781863
0.00526079 0.832239
0.00528346 0.876537
0.00530614 0.914434
0.00532881 0.945651
0.00535149 0.969963
0.00537416 0.98719
0.00539684 0.997208
0.00541952 0.999942
0.00544219 0.995374
0.00546487 0.983536
0.00548754 0.964515
0.00551022 0.938449
0.0055329 0.90553
0.00555557 0.865997
0.00557825 0.82014
0.00560092 0.768293
0.0056236 0.710835
0.00564627 0.648185
0.00566895 0.580801
0.00569163 0.509175
0.0057143 0.433831
0.00573698 0.355318
0.00575965 0.274211
0.00578233 0.1911
0.00580501 0.106594
0.00582768 0.0213094
0.00585036 -0.0641309
0.00587303 -0.149103
0.00589571 -0.232986
0.00591838 -0.315167
0.00594106 -0.395047
0.00596374 -0.472041
0.00598641 -0.545588
0.00600909 -0.61515
0.00603176 -0.680219
0.00605444 -0.740321
0.00607712 -0.795016
0.00609979 -0.843904
0.00612247 -0.88663
0.00614514 -0.922879
0.00616782 -0.952389
0.0061905 -0.974943
0.00621317 -0.990376
0.00623585 -0.998577
0.00625852 -0.999484
0.0062812 -0.993092
0.00630387 -0.979447
0.00632655 -0.958648
0.00634923 -0.930848
0.0063719 -0.89625
0.00639458 -0.855107
0.00641725 -0.807718
0.00643993 -0.75443
0.00646261 -0.695632
0.00648528 -0.631753
0.00650796 -0.563261
0.00653063 -0.490655
0.00655331 -0.414465
0.00657598 -0.335249
0.00659866 -0.253584
0.00662134 -0.170067
0.00664401 -0.0853077
0.00666669 7.43774e-05
0.00668936 0.0854559
0.00671204 0.170213
0.00673472 0.253728
0.00675739 0.335389
0.00678007 0.414601
0.00680274 0.490784
0.00682542 0.563384
0.00684809 0.631868
0.00687077 0.695738
0.00689345 0.754527
0.00691612 0.807805
0.0069388 0.855184
0.00696147 0.896316
0.00698415 0.930903
0.00700683 0.958691
0.0070295 0.979477
0.00705218 0.993109
0.00707485 0.999489
0.00709753 0.998569
0.0071202 0.990356
0.00714288 0.97491
0.00716556 0.952343
0.00718823 0.922822
0.00721091 0.886561
0.00723358 0.843825
0.00725626 0.794926
0.00727894 0.740221
0.00730161 0.68011
0.00732429 0.615033
0.00734696 0.545463
0.00736964 0.47191
0.00739231 0.39491
0.00741499 0.315026
0.00743767 0.232841
0.00746034 0.148956
0.00748302 0.0639824
0.00750569 -0.0214581
0.00752837 -0.106742
0.00755105 -0.191246
0.00757372 -0.274354
0.0075964 -0.355457
0.00761907 -0.433965
0.00764175 -0.509303
0.00766442 -0.580922
0.0076871 -0.648298
0.00770978 -0.710939
0.00773245 -0.768388
0.00775513 -0.820225
0.0077778 -0.866072
0.00780048 -0.905593
0.00782316 -0.9385
0.00784583 -0.964554
0.00786851 -0.983562
0.00789118 -0.995388
0.00791386 -0.999944
0.00793653 -0.997197
0.00795921 -0.987167
0.00798189 -0.969927
0.00800456 -0.945604
0.00802724 -0.914374
0.00804991 -0.876466
0.00807259 -0.832158
0.00809527 -0.781771
0.00811794 -0.725675
0.00814062 -0.66428
0.00816329 -0.598032
0.00818597 -0.527417
0.00820864 -0.45295
0.00823132 -0.375175
0.008254 -0.29466
0.00827667 -0.211993
0.00829935 -0.127778
0.00832202 -0.0426296
0.0083447 0.0428303
0.00836738 0.127977
0.00839005 0.21219
0.00841273 0.294852
0.0084354 0.375362
0.00845808 0.45313
0.00848075 0.527588
0.00850343 0.598193
0.00852611 0.66443
0.00854878 0.725814
0.00857146 0.781897
0.00859413 0.832269
0.00861681 0.876563
0.00863949 0.914455
0.00866216 0.945669
0.00868484 0.969976
0.00870751 0.987199
0.00873019 0.997212
0.00875286 0.999942
0.00877554 0.995369
0.00879822 0.983526
0.00882089 0.964501
0.00884357 0.938431
0.00886624 0.905507
0.00888892 0.865971
0.0089116 0.820109
0.00893427 0.768258
0.00895695 0.710797
0.00897962 0.648144
0.0090023 0.580757
0.00902497 0.509129
0.00904765 0.433783
0.00907033 0.355268
0.009093 0.274159
0.00911568 0.191047
0.00913835 0.10654
0.00916103 0.0212555
0.00918371 -0.0641846
0.00920638 -0.149156
0.00922906 -0.233038
0.00925173 -0.315218
0.00927441 -0.395096
0.00929708 -0.472088
0.00931976 -0.545633
0.00934244 -0.615192
0.00936511 -0.680259
0.00938779 -0.740357
0.00941046 -0.795049
0.00943314 -0.843933
0.00945582 -0.886654
0.00947849 -0.9229
0.00950117 -0.952405
0.00952384 -0.974955
0.00954652 -0.990384
0.0095692 -0.99858
0.00959187 -0.999482
0.00961455 -0.993086
0.00963722 -0.979436
0.0096599 -0.958633
0.00968257 -0.930829
0.00970525 -0.896226
0.00972793 -0.855079
0.0097506 -0.807686
0.00977328 -0.754394
0.00979595 -0.695593
0.00981863 -0.631711
0.00984131 -0.563216
0.00986398 -0.490608
0.00988666 -0.414416
0.00990933 -0.335198
0.00993201 -0.253532
0.00995468 -0.170014
0.00997736 -0.085254
