0 1 1
0.01 0.975269 0.975269
0.02 0.94128 0.94138
0.03 0.898558 0.898849
0.04 0.847704 0.848269
0.05 0.789391 0.790299
0.06 0.72435 0.725659
0.07 0.653367 0.65512
0.08 0.577269 0.579498
0.09 0.496921 0.49964
0.1 0.413211 0.41642
0.11 0.327042 0.33073
0.12 0.239327 0.243464
0.13 0.150972 0.155518
0.14 0.0628754 0.0677747
0.15 -0.0240885 -0.0189016
0.16 -0.109072 -0.103675
0.17 -0.191266 -0.185743
0.18 -0.269902 -0.264349
0.19 -0.344267 -0.338784
0.2 -0.413702 -0.408393W
0.21 -0.477612 -0.472584
0.22 -0.535467 -0.530829
0.23 -0.58681 -0.58267
0.24 -0.631258 -0.62772
0.25 -0.668505 -0.665668
0.26 -0.698322 -0.696279
0.27 -0.720559 -0.719397
0.28 -0.735146 -0.73494
0.29 -0.74209 -0.742905
0.3 -0.741473 -0.743364
0.31 -0.733455 -0.736459
0.32 -0.718262 -0.722406
0.33 -0.696191 -0.701485
0.34 -0.667599 -0.674039
0.35 -0.632903 -0.640469
0.36 -0.592572 -0.601227
0.37 -0.547122 -0.556815
0.38 -0.497109 -0.507774
0.39 -0.443126 -0.454681
0.4 -0.385791 -0.398141
0.41 -0.325745 -0.338783
0.42 -0.263642 -0.277248
0.43 -0.200145 -0.214189
0.44 -0.135917 -0.150261
0.45 -0.0716136 -0.086111
0.46 -0.0078804 -0.0223799
0.47 0.0546569 0.0403106
0.48 0.115397 0.101361
0.49 0.173768 0.1602
0.5 0.229234 0.216289
0.51 0.281299 0.269128
0.52 0.329509 0.318258
0.53 0.37346 0.363267
0.54 0.412797 0.403791
0.55 0.44722 0.439518
0.56 0.476482 0.47019
0.57 0.500394 0.495603
0.58 0.518823 0.515611
0.59 0.531696 0.530121
0.6 0.538995 0.5391
0.61 0.540757 0.542569
0.62 0.537077 0.540601
0.63 0.5281 0.533324
0.64 0.514021 0.520916
0.65 0.495083 0.5036
0.66 0.471574 0.481645
0.67 0.443818 0.455361
0.68 0.41218 0.425092
0.69 0.377053 0.391218
0.7 0.338858 0.354144
0.71 0.298038 0.314301
0.72 0.255054 0.272137
0.73 0.210379 0.228117
0.74 0.164494 0.182711
0.75 0.117882 0.136397
0.76 0.0710227 0.0896512
0.77 0.0243908 0.0429439
0.78 -0.0215524 -0.00326339
0.79 -0.0663612 -0.0485234
0.8 -0.10961 -0.0924072
0.81 -0.150898 -0.134508
0.82 -0.189851 -0.174444
0.83 -0.226127 -0.211864
0.839999 -0.259416 -0.246448
0.849999 -0.289445 -0.277908
0.859999 -0.315979 -0.305996
0.869999 -0.338822 -0.330501
0.879999 -0.357821 -0.351252
0.889999 -0.372861 -0.368117
0.899999 -0.383872 -0.381006
0.909999 -0.390823 -0.389871
0.919999 -0.393728 -0.394704
0.929999 -0.392637 -0.395536
0.939999 -0.387642 -0.392439
0.949999 -0.37887 -0.385521
0.959999 -0.366485 -0.374927
0.969999 -0.350683 -0.360833
0.979999 -0.33169 -0.343449
0.989999 -0.30976 -0.323012
0.999999 -0.28517 -0.299784
1.01 -0.258221 -0.27405
1.02 -0.229229 -0.246115
1.03 -0.198524 -0.216299
1.04 -0.166449 -0.184933
1.05 -0.13335 -0.152358
1.06 -0.0995794 -0.118922
1.07 -0.0654887 -0.0849712
1.08 -0.0314249 -0.0508521
1.09 0.00227191 -0.0169056
1.1 0.035272 0.016536
1.11 0.0672595 0.0491518
1.12 0.0979345 0.0806356
1.13 0.127017 0.110698
1.14 0.154247 0.139071
1.15 0.179391 0.165505
1.16 0.202237 0.189779
1.17 0.222604 0.211695
1.18 0.240338 0.231083
1.19 0.255314 0.247801
1.2 0.267437 0.261737
1.21 0.276644 0.272807
1.22 0.282899 0.28096
1.23 0.286201 0.286172
1.24 0.286575 0.288449
1.25 0.284075 0.287828
1.26 0.278785 0.284372
1.27 0.270812 0.278172
1.28 0.260291 0.269342
1.29 0.247378 0.258023
1.3 0.232248 0.244375
1.31 0.215099 0.228581
1.32 0.196142 0.210837
1.33 0.175603 0.19136
1.34 0.153719 0.170375
1.35 0.130735 0.14812
1.36 0.106903 0.124841
1.37 0.0824788 0.100787
1.38 0.0577183 0.0762131
1.39 0.032876 0.0513716
1.4 0.00820166 0.0265139
1.41 -0.0160612 0.00188604
1.42 -0.0396781 -0.0222728
1.43 -0.062426 -0.0457329
1.44 -0.0840946 -0.0682761
1.45 -0.104489 -0.0896975
1.46 -0.12343 -0.109807
1.47 -0.140759 -0.128433
1.48 -0.156333 -0.145419
1.49 -0.170033 -0.16063
1.5 -0.181758 -0.173951
1.51 -0.191431 -0.185288
1.52 -0.198996 -0.194567
1.53 -0.20442 -0.201737
1.54 -0.207691 -0.20677
1.55 -0.20882 -0.209658
1.56 -0.207839 -0.210414
1.57 -0.204798 -0.209074
1.58 -0.19977 -0.205693
1.59 -0.192845 -0.200343
1.6 -0.184131 -0.193118
1.61 -0.173749 -0.184125
1.62 -0.161837 -0.173489
1.63 -0.148545 -0.161348
1.64 -0.134034 -0.14785
1.65 -0.118472 -0.133157
1.66 -0.102037 -0.117438
1.67 -0.0849108 -0.100869
1.68 -0.0672775 -0.0836296
1.69 -0.0493241 -0.0659044
1.7 -0.0312365 -0.0478782
1.71 -0.0131983 -0.0297353
1.72 0.00461105 -0.0116576
1.73 0.0220182 0.00617754
1.74 0.0388569 0.0235984
1.75 0.0549704 0.0404408
1.76 0.0702118 0.0565497
1.77 0.0844463 0.0717802
1.78 0.0975517 0.0859991
1.79 0.109419 0.0990856
1.8 0.119956 0.110933
1.81 0.129082 0.121448
1.82 0.136734 0.130554
1.83 0.142866 0.138187
1.84 0.147447 0.144303
1.85 0.150462 0.14887
1.86 0.151912 0.151874
1.87 0.151813 0.153316
1.88 0.150199 0.153213
1.89 0.147115 0.151596
1.9 0.142621 0.148512
1.91 0.136791 0.144019
1.92 0.12971 0.138191
1.93 0.121473 0.131111
1.94 0.112187 0.122875
1.95 0.101964 0.113586
1.96 0.0909257 0.103357
1.97 0.0791992 0.0923081
1.98 0.0669152 0.0805651
1.99 0.0542077 0.0682576
2 0.0412123 0.0555185
2.01 0.0280647 0.0424824
2.02 0.0148994 0.0292843
2.03 0.00184837 0.0160578
2.04 -0.0109601 0.00293436
2.05 -0.0234028 -0.00995824
2.06 -0.0353626 -0.022497
2.07 -0.0467296 -0.034565
2.08 -0.0574019 -0.046052
2.09 -0.0672868 -0.0568561
2.1 -0.0763011 -0.0668838
2.11 -0.0843721 -0.0760512
2.12 -0.091438 -0.0842848
2.13 -0.0974482 -0.0915216
2.14 -0.102364 -0.0977097
2.15 -0.106157 -0.102809
2.16 -0.108813 -0.10679
2.17 -0.110328 -0.109636
2.18 -0.110709 -0.11134
2.19 -0.109976 -0.11191
2.2 -0.108157 -0.111361
2.21 -0.105294 -0.109722
2.22 -0.101434 -0.10703
2.23 -0.0966377 -0.103332
2.24 -0.0909707 -0.098685
2.25 -0.0845073 -0.093154
2.26 -0.0773281 -0.086811
2.27 -0.0695192 -0.0797348
2.28 -0.0611713 -0.0720099
2.29 -0.0523787 -0.0637257
2.3 -0.0432381 -0.0549751
2.31 -0.0338479 -0.0458539
2.32 -0.0243071 -0.0364598
2.33 -0.014714 -0.026891
2.34 -0.00516564 -0.0172456
2.35 0.00424341 -0.00762066
2.36 0.0134219 0.0018891
2.37 0.0222825 0.0111919
2.38 0.0307431 0.0201997
2.39 0.0387271 0.0288294
2.4 0.0461641 0.037003
2.41 0.0529907 0.0446486
2.42 0.0591509 0.0517013
2.43 0.0645964 0.0581028
2.44 0.069287 0.0638027
2.45 0.073191 0.0687587
2.46 0.0762849 0.0729363
2.47 0.0785541 0.0763097
2.48 0.0799924 0.0788614
2.49 0.080602 0.0805825
2.5 0.0803934 0.0814723
2.51 0.0793851 0.0815385
2.52 0.077603 0.0807968
2.53 0.0750806 0.0792706
2.54 0.0718578 0.0769904
2.55 0.0679809 0.0739937
2.56 0.0635017 0.0703243
2.57 0.0584771 0.066032
2.58 0.0529682 0.0611714
2.59 0.0470398 0.055802
2.6 0.0407596 0.0499868
2.61 0.0341974 0.0437923
2.62 0.0274245 0.0372873
2.63 0.0205127 0.0305422
2.64 0.0135341 0.0236285
2.65 0.00655974 0.016618
2.66 -0.000340758 0.00958194
2.67 -0.00709983 0.00259039
2.68 -0.0136527 -0.00428834
2.69 -0.019938 -0.0109884
2.7 -0.0258983 -0.0174472
2.71 -0.0314803 -0.0236054
2.72 -0.0366359 -0.0294082
2.73 -0.041322 -0.0348052
2.74 -0.0455012 -0.039751
2.75 -0.0491418 -0.0442056
2.76 -0.0522181 -0.0481347
2.77 -0.0547108 -0.0515099
2.78 -0.0566065 -0.0543086
2.79 -0.0578982 -0.0565147
2.8 -0.0585851 -0.0581181
2.81 -0.0586724 -0.0591148
2.82 -0.0581712 -0.0595069
2.83 -0.0570983 -0.0593026
2.84 -0.055476 -0.0585158
2.85 -0.0533313 -0.0571656
2.86 -0.0506962 -0.0552767
2.87 -0.0476068 -0.0528783
2.88 -0.0441031 -0.0500044
2.89 -0.0402285 -0.0466927
2.9 -0.0360291 -0.0429847
2.91 -0.0315534 -0.0389248
2.92 -0.0268517 -0.0345603
2.93 -0.0219755 -0.0299404
2.94 -0.0169771 -0.0251157
2.95 -0.0119088 -0.0201381
2.96 -0.00682288 -0.0150599
2.97 -0.00177041 -0.00993326
2.98 0.00319872 -0.00480986
2.99 0.00803647 0.000259676
3 0.0126971 0.00522626
3.01 0.0171376 0.0100428
3.02 0.0213178 0.0146646
3.03 0.0252013 0.0190498
3.04 0.0287551 0.0231598
3.05 0.0319503 0.0269592
3.06 0.0347621 0.0304168
3.07 0.03717 0.033505
3.08 0.039158 0.0362005
3.09 0.0407147 0.0384846
3.1 0.0418332 0.0403428
3.11 0.0425109 0.0417651
3.12 0.04275 0.042746
3.13 0.0425568 0.0432847
3.14 0.0419418 0.0433845
3.15 0.0409198 0.0430532
3.16 0.039509 0.0423025
3.17 0.0377313 0.0411482
3.18 0.0356119 0.0396098
3.19 0.0331787 0.0377099
3.2 0.0304624 0.0354746
3.21 0.0274959 0.0329327
3.22 0.0243136 0.0301153
3.23 0.0209519 0.0270558
3.24 0.0174479 0.0237892
3.25 0.0138396 0.020352
3.26 0.0101649 0.0167815
3.27 0.00646216 0.0131157
3.28 0.00276882 0.00939272
3.29 -0.000878348 0.00565056
3.3 -0.00444378 0.0019266
3.31 -0.00789347 -0.00174268
3.32 -0.0111952 -0.00532206
3.33 -0.014319 -0.00877792
3.34 -0.0172371 -0.0120785
3.35 -0.0199245 -0.0151943
3.36 -0.0223589 -0.018098
3.37 -0.024521 -0.0207652
3.38 -0.0263946 -0.0231742
3.39 -0.0279669 -0.0253063
3.4 -0.029228 -0.0271457
3.41 -0.0301716 -0.0286802
3.42 -0.0307946 -0.0299007
3.43 -0.0310973 -0.0308011
3.44 -0.0310829 -0.0313791
3.45 -0.0307579 -0.0316351
3.46 -0.0301319 -0.0315732
3.47 -0.0292171 -0.0312001
3.48 -0.0280284 -0.0305258
3.49 -0.0265832 -0.0295629
3.5 -0.024901 -0.0283266
3.51 -0.0230035 -0.0268346
3.52 -0.0209139 -0.0251066
3.53 -0.018657 -0.0231645
3.54 -0.0162586 -0.0210317
3.55 -0.0137457 -0.018733
3.56 -0.0111455 -0.0162946
3.57 -0.00848584 -0.0137433
3.58 -0.00579454 -0.0111065
3.59 -0.00309913 -0.00841209
3.6 -0.000426626 -0.00568781
3.61 0.00219669 -0.00296119
3.62 0.00474558 -0.00025928
3.63 0.00719603 0.0023917
3.64 0.00952551 0.00496652
3.65 0.0117131 0.00744123
3.66 0.0137399 0.00979333
3.67 0.0155887 0.012002
3.68 0.0172447 0.0140481
3.69 0.0186951 0.0159148
3.7 0.0199295 0.0175871
3.71 0.0209399 0.0190523
3.72 0.0217208 0.0203
3.73 0.0222688 0.0213222
3.74 0.0225832 0.0221133
3.75 0.0226654 0.0226699
3.76 0.0225194 0.0229912
3.77 0.022151 0.0230787
3.78 0.0215686 0.0229362
3.79 0.0207821 0.0225696
3.8 0.0198035 0.021987
3.81 0.0186464 0.0211985
3.82 0.017326 0.0202158
3.83 0.0158588 0.0190526
3.84 0.0142623 0.017724
3.85 0.0125551 0.0162464
3.86 0.0107566 0.0146373
3.87 0.0088864 0.0129152
3.88 0.00696476 0.0110995
3.89 0.00501192 0.00921
3.9 0.00304801 0.00726676
3.91 0.0010929 0.00529011
3.92 -0.00083404 0.00330027
3.93 -0.0027141 0.00131718
3.94 -0.00452942 -0.000639667
3.95 -0.00626313 -0.00255144
3.96 -0.00789954 -0.00440012
3.97 -0.00942423 -0.00616866
3.98 -0.0108242 -0.00784116
3.99 -0.0120879 -0.00940298
4 -0.0132054 -0.0108408
4.01 -0.0141686 -0.012143
4.02 -0.0149708 -0.0132993
4.03 -0.0156073 -0.0143011
4.04 -0.0160749 -0.0151416
4.05 -0.0163724 -0.0158157
4.06 -0.0165003 -0.0163199
4.07 -0.0164606 -0.0166527
4.08 -0.0162571 -0.0168142
4.09 -0.0158951 -0.0168061
4.1 -0.0153814 -0.016632
4.11 -0.0147242 -0.0162967
4.12 -0.0139328 -0.0158069
4.13 -0.013018 -0.0151704
4.14 -0.0119912 -0.0143964
4.15 -0.0108651 -0.0134953
4.16 -0.00965287 -0.0124786
4.17 -0.00836835 -0.0113585
4.18 -0.00702583 -0.0101482
4.19 -0.0056399 -0.00886157
4.2 -0.0042253 -0.0075127
4.21 -0.00279673 -0.00611622
4.22 -0.00136877 -0.00468689
4.23 4.43252e-05 -0.00323949
4.24 0.00142871 -0.00178871
4.25 0.00277112 -0.000348957
4.26 0.00405898 0.00106574
4.27 0.00528048 0.00244187
4.28 0.00642475 0.0037666
4.29 0.00748189 0.00502784
4.3 0.00844306 0.00621436
4.31 0.00930059 0.0073159
4.32 0.010048 0.00832326
4.33 0.0106799 0.00922834
4.34 0.0111924 0.0100242
4.35 0.0115827 0.0107051
4.36 0.0118494 0.0112667
4.37001 0.0119923 0.0117056
4.38001 0.0120124 0.0120201
4.39001 0.0119119 0.0122094
4.40001 0.0116944 0.0122742
4.41001 0.0113642 0.0122163
4.42001 0.010927 0.0120387
4.43001 0.0103893 0.0117454
4.44001 0.00975848 0.0113419
4.45001 0.00904267 0.010834
4.46001 0.00825074 0.0102291
4.47001 0.00739214 0.00953497
4.48001 0.0064768 0.00876024
4.49001 0.00551499 0.00791418
4.50001 0.00451727 0.00700659
4.51001 0.00349433 0.00604765
4.52001 0.00245691 0.00504787
4.53001 0.00141566 0.00401795
4.54001 0.000381089 0.00296868
4.55001 -0.000636606 0.00191082
4.56001 -0.00162758 0.000854997
4.57001 -0.00258246 -0.000188374
4.58001 -0.00349242 -0.00120922
4.59001 -0.00434925 -0.00219789
4.60001 -0.00514546 -0.00314524
4.61001 -0.00587428 -0.00404271
4.62001 -0.00652979 -0.00488242
4.63001 -0.00710689 -0.0056572
4.64001 -0.00760138 -0.00636068
4.65001 -0.00800996 -0.00698729
4.66001 -0.00833027 -0.00753238
4.67001 -0.00856088 -0.00799215
4.68001 -0.00870126 -0.00836375
4.69001 -0.00875182 -0.00864526
4.70001 -0.00871385 -0.00883566
4.71001 -0.0085895 -0.00893488
4.72001 -0.00838175 -0.00894375
4.73001 -0.00809433 -0.00886396
4.74001 -0.00773172 -0.00869806
4.75001 -0.00729904 -0.0084494
4.76001 -0.00680202 -0.00812208
4.77001 -0.00624693 -0.00772088
4.78001 -0.00564047 -0.00725125
4.79001 -0.00498973 -0.00671918
4.80001 -0.00430211 -0.00613117
4.81002 -0.00358522 -0.00549416
4.82002 -0.00284681 -0.0048154
4.83002 -0.00209471 -0.00410245
4.84002 -0.0013367 -0.00336303
4.85002 -0.000580484 -0.00260498
4.86002 0.000166412 -0.00183617
4.87002 0.000896707 -0.00106442
4.88002 0.00160343 -0.000297425
4.89002 0.00227998 0.000457327
4.90002 0.0029202 0.00119261
4.91002 0.00351842 0.00190153
4.92002 0.00406949 0.00257761
4.93002 0.00456884 0.0032148
4.94002 0.00501251 0.00380756
4.95002 0.00539719 0.00435092
4.96002 0.0057202 0.00484048
4.97002 0.00597955 0.00527246
4.98002 0.00617392 0.00564372
4.99002 0.00630266 0.0059518
