-7 0.695454
-6.99 0.697576
-6.98 0.699704
-6.97 0.701838
-6.96 0.70398
-6.95 0.706127
-6.94 0.708281
-6.93 0.710442
-6.92 0.712609
-6.91 0.714783
-6.9 0.716964
-6.89 0.719151
-6.88 0.721345
-6.87 0.723546
-6.86 0.725753
-6.85 0.727967
-6.84 0.730188
-6.83 0.732415
-6.82 0.734649
-6.81 0.736891
-6.8 0.739139
-6.79 0.741394
-6.77999 0.743655
-6.76999 0.745924
-6.75999 0.748199
-6.74999 0.750482
-6.73999 0.752771
-6.72999 0.755068
-6.71999 0.757371
-6.70999 0.759682
-6.69999 0.761999
-6.68999 0.764324
-6.67999 0.766656
-6.66999 0.768994
-6.65999 0.77134
-6.64999 0.773693
-6.63999 0.776054
-6.62999 0.778421
-6.61999 0.780796
-6.60999 0.783178
-6.59999 0.785567
-6.58999 0.787964
-6.57999 0.790367
-6.56999 0.792779
-6.55999 0.795197
-6.54999 0.797623
-6.53999 0.800056
-6.52999 0.802497
-6.51999 0.804945
-6.50999 0.807401
-6.49999 0.809864
-6.48999 0.812334
-6.47999 0.814812
-6.46999 0.817298
-6.45999 0.819791
-6.44999 0.822292
-6.43999 0.824801
-6.42999 0.827317
-6.41999 0.829841
-6.40999 0.832373
-6.39999 0.834912
-6.38999 0.837459
-6.37999 0.840014
-6.36999 0.842576
-6.35999 0.845147
-6.34999 0.847725
-6.33998 0.850311
-6.32998 0.852905
-6.31998 0.855507
-6.30998 0.858117
-6.29998 0.860735
-6.28998 0.86336
-6.27998 0.865994
-6.26998 0.868636
-6.25998 0.871286
-6.24998 0.873944
-6.23998 0.87661
-6.22998 0.879284
-6.21998 0.881967
-6.20998 0.884657
-6.19998 0.887356
-6.18998 0.890063
-6.17998 0.892778
-6.16998 0.895502
-6.15998 0.898234
-6.14998 0.900974
-6.13998 0.903723
-6.12998 0.90648
-6.11998 0.909245
-6.10998 0.912019
-6.09998 0.914801
-6.08998 0.917592
-6.07998 0.920391
-6.06998 0.923199
-6.05998 0.926015
-6.04998 0.92884
-6.03998 0.931674
-6.02998 0.934516
-6.01998 0.937367
-6.00998 0.940226
-5.99998 0.943095
-5.98998 0.945972
-5.97998 0.948858
-5.96998 0.951752
-5.95998 0.954656
-5.94998 0.957568
-5.93998 0.960489
-5.92998 0.963419
-5.91998 0.966358
-5.90998 0.969306
-5.89997 0.972263
-5.88997 0.97523
-5.87997 0.978205
-5.86997 0.981189
-5.85997 0.984182
-5.84997 0.987184
-5.83997 0.990196
-5.82997 0.993217
-5.81997 0.996247
-5.80997 0.999286
-5.79997 1.00233
-5.78997 1.00539
-5.77997 1.00846
-5.76997 1.01154
-5.75997 1.01462
-5.74997 1.01772
-5.73997 1.02082
-5.72997 1.02394
-5.71997 1.02706
-5.70997 1.03019
-5.69997 1.03334
-5.68997 1.03649
-5.67997 1.03965
-5.66997 1.04282
-5.65997 1.046
-5.64997 1.04919
-5.63997 1.05239
-5.62997 1.0556
-5.61997 1.05883
-5.60997 1.06206
-5.59997 1.0653
-5.58997 1.06855
-5.57997 1.0718
-5.56997 1.07507
-5.55997 1.07835
-5.54997 1.08164
-5.53997 1.08494
-5.52997 1.08825
-5.51997 1.09157
-5.50997 1.0949
-5.49997 1.09824
-5.48997 1.10159
-5.47997 1.10495
-5.46996 1.10833
-5.45996 1.11171
-5.44996 1.1151
-5.43996 1.1185
-5.42996 1.12191
-5.41996 1.12533
-5.40996 1.12877
-5.39996 1.13221
-5.38996 1.13566
-5.37996 1.13913
-5.36996 1.1426
-5.35996 1.14609
-5.34996 1.14959
-5.33996 1.15309
-5.32996 1.15661
-5.31996 1.16014
-5.30996 1.16368
-5.29996 1.16723
-5.28996 1.17079
-5.27996 1.17436
-5.26996 1.17794
-5.25996 1.18154
-5.24996 1.18514
-5.23996 1.18876
-5.22996 1.19238
-5.21996 1.19602
-5.20996 1.19967
-5.19996 1.20333
-5.18996 1.207
-5.17996 1.21068
-5.16996 1.21438
-5.15996 1.21808
-5.14996 1.2218
-5.13996 1.22552
-5.12996 1.22926
-5.11996 1.23301
-5.10996 1.23677
-5.09996 1.24055
-5.08996 1.24433
-5.07996 1.24813
-5.06996 1.25194
-5.05996 1.25575
-5.04996 1.25959
-5.03996 1.26343
-5.02995 1.26728
-5.01995 1.27115
-5.00995 1.27503
-4.99995 1.27892
-4.98995 1.28282
-4.97995 1.28673
-4.96995 1.29066
-4.95995 1.29459
-4.94995 1.29854
-4.93995 1.3025
-4.92995 1.30648
-4.91995 1.31046
-4.90995 1.31446
-4.89995 1.31847
-4.88995 1.32249
-4.87995 1.32653
-4.86995 1.33057
-4.85995 1.33463
-4.84995 1.33871
-4.83995 1.34279
-4.82995 1.34689
-4.81995 1.35099
-4.80995 1.35512
-4.79995 1.35925
-4.78995 1.3634
-4.77995 1.36756
-4.76995 1.37173
-4.75995 1.37591
-4.74995 1.38011
-4.73995 1.38432
-4.72995 1.38854
-4.71995 1.39278
-4.70995 1.39703
-4.69995 1.40129
-4.68995 1.40556
-4.67995 1.40985
-4.66995 1.41415
-4.65995 1.41847
-4.64995 1.4228
-4.63995 1.42714
-4.62995 1.43149
-4.61995 1.43586
-4.60995 1.44024
-4.59995 1.44463
-4.58994 1.44904
-4.57994 1.45346
-4.56994 1.45789
-4.55994 1.46234
-4.54994 1.4668
-4.53994 1.47128
-4.52994 1.47576
-4.51994 1.48027
-4.50994 1.48478
-4.49994 1.48931
-4.48994 1.49385
-4.47994 1.49841
-4.46994 1.50298
-4.45994 1.50757
-4.44994 1.51217
-4.43994 1.51678
-4.42994 1.52141
-4.41994 1.52605
-4.40994 1.5307
-4.39994 1.53537
-4.38994 1.54006
-4.37994 1.54476
-4.36994 1.54947
-4.35994 1.5542
-4.34994 1.55894
-4.33994 1.56369
-4.32994 1.56846
-4.31994 1.57325
-4.30994 1.57805
-4.29994 1.58286
-4.28994 1.58769
-4.27994 1.59253
-4.26994 1.59739
-4.25994 1.60226
-4.24994 1.60715
-4.23994 1.61206
-4.22994 1.61697
-4.21994 1.62191
-4.20994 1.62685
-4.19994 1.63182
-4.18994 1.63679
-4.17994 1.64179
-4.16994 1.6468
-4.15993 1.65182
-4.14993 1.65686
-4.13993 1.66191
-4.12993 1.66698
-4.11993 1.67207
-4.10993 1.67717
-4.09993 1.68229
-4.08993 1.68742
-4.07993 1.69257
-4.06993 1.69773
-4.05993 1.70291
-4.04993 1.7081
-4.03993 1.71332
-4.02993 1.71854
-4.01993 1.72378
-4.00993 1.72904
-3.99993 1.73432
-3.98993 1.73961
-3.97993 1.74492
-3.96993 1.75024
-3.95993 1.75558
-3.94993 1.76093
-3.93993 1.76631
-3.92993 1.77169
-3.91993 1.7771
-3.90993 1.78252
-3.89993 1.78796
-3.88993 1.79341
-3.87993 1.79888
-3.86993 1.80437
-3.85993 1.80987
-3.84993 1.8154
-3.83993 1.82093
-3.82993 1.82649
-3.81993 1.83206
-3.80993 1.83765
-3.79993 1.84326
-3.78993 1.84888
-3.77993 1.85452
-3.76993 1.86018
-3.75993 1.86585
-3.74993 1.87154
-3.73993 1.87725
-3.72993 1.88298
-3.71993 1.88872
-3.70993 1.89448
-3.69993 1.90026
-3.68993 1.90606
-3.67993 1.91187
-3.66993 1.91771
-3.65993 1.92356
-3.64993 1.92943
-3.63993 1.93531
-3.62993 1.94121
-3.61993 1.94714
-3.60993 1.95308
-3.59993 1.95903
-3.58993 1.96501
-3.57993 1.97101
-3.56993 1.97702
-3.55993 1.98305
-3.54993 1.9891
-3.53993 1.99517
-3.52993 2.00125
-3.51993 2.00736
-3.50993 2.01348
-3.49993 2.01962
-3.48993 2.02578
-3.47993 2.03196
-3.46993 2.03816
-3.45993 2.04438
-3.44993 2.05062
-3.43993 2.05687
-3.42993 2.06315
-3.41993 2.06944
-3.40993 2.07575
-3.39993 2.08209
-3.38993 2.08844
-3.37993 2.09481
-3.36993 2.1012
-3.35993 2.10761
-3.34993 2.11404
-3.33993 2.12049
-3.32993 2.12696
-3.31993 2.13345
-3.30993 2.13995
-3.29993 2.14648
-3.28993 2.15303
-3.27993 2.1596
-3.26993 2.16619
-3.25993 2.17279
-3.24993 2.17942
-3.23993 2.18607
-3.22993 2.19274
-3.21993 2.19943
-3.20993 2.20614
-3.19993 2.21287
-3.18993 2.21962
-3.17993 2.22639
-3.16993 2.23318
-3.15993 2.23999
-3.14993 2.24683
-3.13993 2.25368
-3.12993 2.26056
-3.11993 2.26745
-3.10993 2.27437
-3.09993 2.28131
-3.08993 2.28827
-3.07993 2.29525
-3.06993 2.30225
-3.05993 2.30927
-3.04993 2.31632
-3.03993 2.32338
-3.02993 2.33047
-3.01993 2.33758
-3.00993 2.34471
-2.99993 2.35186
-2.98993 2.35904
-2.97993 2.36624
-2.96993 2.37345
-2.95993 2.38069
-2.94993 2.38796
-2.93993 2.39524
-2.92993 2.40255
-2.91993 2.40988
-2.90993 2.41723
-2.89993 2.4246
-2.88993 2.432
-2.87993 2.43942
-2.86993 2.44686
-2.85993 2.45432
-2.84993 2.46181
-2.83993 2.46932
-2.82993 2.47685
-2.81993 2.48441
-2.80993 2.49199
-2.79993 2.49959
-2.78993 2.50722
-2.77993 2.51486
-2.76993 2.52254
-2.75993 2.53023
-2.74993 2.53795
-2.73993 2.54569
-2.72993 2.55346
-2.71993 2.56125
-2.70993 2.56906
-2.69993 2.5769
-2.68993 2.58476
-2.67993 2.59264
-2.66993 2.60055
-2.65993 2.60849
-2.64993 2.61644
-2.63993 2.62443
-2.62993 2.63243
-2.61993 2.64046
-2.60993 2.64852
-2.59993 2.6566
-2.58993 2.6647
-2.57993 2.67283
-2.56993 2.68098
-2.55993 2.68916
-2.54993 2.69737
-2.53993 2.70559
-2.52993 2.71385
-2.51993 2.72213
-2.50993 2.73043
-2.49993 2.73876
-2.48993 2.74712
-2.47993 2.7555
-2.46993 2.7639
-2.45993 2.77233
-2.44993 2.78079
-2.43993 2.78927
-2.42993 2.79778
-2.41993 2.80632
-2.40993 2.81488
-2.39993 2.82347
-2.38993 2.83208
-2.37993 2.84072
-2.36993 2.84938
-2.35993 2.85808
-2.34993 2.86679
-2.33993 2.87554
-2.32993 2.88431
-2.31993 2.89311
-2.30993 2.90194
-2.29993 2.91079
-2.28993 2.91967
-2.27993 2.92858
-2.26993 2.93751
-2.25993 2.94647
-2.24993 2.95546
-2.23993 2.96448
-2.22993 2.97352
-2.21993 2.98259
-2.20993 2.99169
-2.19993 3.00081
-2.18993 3.00997
-2.17993 3.01915
-2.16993 3.02836
-2.15993 3.0376
-2.14993 3.04687
-2.13993 3.05616
-2.12993 3.06548
-2.11993 3.07484
-2.10993 3.08422
-2.09993 3.09362
-2.08993 3.10306
-2.07993 3.11253
-2.06993 3.12202
-2.05993 3.13155
-2.04993 3.1411
-2.03993 3.15068
-2.02993 3.16029
-2.01993 3.16993
-2.00993 3.1796
-1.99993 3.1893
-1.98993 3.19903
-1.97993 3.20879
-1.96993 3.21858
-1.95993 3.2284
-1.94993 3.23825
-1.93993 3.24813
-1.92993 3.25803
-1.91993 3.26797
-1.90993 3.27794
-1.89993 3.28794
-1.88993 3.29797
-1.87993 3.30803
-1.86993 3.31812
-1.85993 3.32825
-1.84993 3.3384
-1.83993 3.34858
-1.82993 3.3588
-1.81993 3.36905
-1.80993 3.37932
-1.79993 3.38963
-1.78993 3.39997
-1.77993 3.41034
-1.76993 3.42075
-1.75993 3.43118
-1.74993 3.44165
-1.73993 3.45215
-1.72993 3.46268
-1.71993 3.47324
-1.70993 3.48384
-1.69993 3.49447
-1.68993 3.50513
-1.67993 3.51582
-1.66993 3.52655
-1.65993 3.5373
-1.64993 3.54809
-1.63993 3.55892
-1.62993 3.56977
-1.61993 3.58066
-1.60993 3.59159
-1.59993 3.60254
-1.58993 3.61353
-1.57993 3.62456
-1.56993 3.63561
-1.55993 3.6467
-1.54993 3.65783
-1.53993 3.66899
-1.52993 3.68018
-1.51993 3.69141
-1.50993 3.70267
-1.49993 3.71396
-1.48993 3.72529
-1.47993 3.73666
-1.46993 3.74806
-1.45993 3.75949
-1.44993 3.77096
-1.43993 3.78246
-1.42993 3.794
-1.41993 3.80558
-1.40993 3.81718
-1.39993 3.82883
-1.38993 3.84051
-1.37993 3.85223
-1.36993 3.86398
-1.35993 3.87576
-1.34993 3.88759
-1.33993 3.89945
-1.32993 3.91134
-1.31993 3.92327
-1.30993 3.93524
-1.29993 3.94725
-1.28993 3.95929
-1.27993 3.97137
-1.26993 3.98348
-1.25993 3.99563
-1.24993 4.00782
-1.23993 4.02005
-1.22993 4.03231
-1.21993 4.04461
-1.20993 4.05695
-1.19993 4.06933
-1.18993 4.08174
-1.17993 4.09419
-1.16993 4.10668
-1.15993 4.11921
-1.14993 4.13178
-1.13993 4.14438
-1.12993 4.15702
-1.11993 4.16971
-1.10993 4.18243
-1.09993 4.19518
-1.08993 4.20798
-1.07993 4.22082
-1.06993 4.2337
-1.05993 4.24661
-1.04993 4.25956
-1.03993 4.27256
-1.02993 4.28559
-1.01993 4.29867
-1.00993 4.31178
-0.999934 4.32493
-0.989934 4.33813
-0.979934 4.35136
-0.969934 4.36464
-0.959934 4.37795
-0.949934 4.39131
-0.939934 4.4047
-0.929935 4.41814
-0.919935 4.43162
-0.909935 4.44513
-0.899935 4.4587
-0.889935 4.4723
-0.879935 4.48594
-0.869935 4.49962
-0.859935 4.51335
-0.849935 4.52712
-0.839935 4.54093
-0.829935 4.55478
-0.819935 4.56868
-0.809935 4.58261
-0.799935 4.59659
-0.789935 4.61062
-0.779935 4.62468
-0.769935 4.63879
-0.759935 4.65294
-0.749935 4.66713
-0.739935 4.68137
-0.729935 4.69565
-0.719935 4.70998
-0.709935 4.72435
-0.699935 4.73876
-0.689935 4.75321
-0.679935 4.76771
-0.669935 4.78226
-0.659935 4.79685
-0.649935 4.81148
-0.639935 4.82616
-0.629935 4.84088
-0.619935 4.85565
-0.609935 4.87046
-0.599935 4.88532
-0.589935 4.90022
-0.579935 4.91517
-0.569935 4.93016
-0.559935 4.9452
-0.549935 4.96029
-0.539935 4.97542
-0.529935 4.9906
-0.519935 5.00582
-0.509935 5.02109
-0.499935 5.03641
-0.489935 5.05178
-0.479935 5.06719
-0.469935 5.08264
-0.459935 5.09815
-0.449935 5.1137
-0.439935 5.1293
-0.429935 5.14495
-0.419935 5.16064
-0.409935 5.17639
-0.399935 5.19218
-0.389935 5.20802
-0.379935 5.2239
-0.369935 5.23984
-0.359935 5.25583
-0.349935 5.27186
-0.339935 5.28794
-0.329935 5.30407
-0.319935 5.32025
-0.309935 5.33648
-0.299935 5.35276
-0.289935 5.36909
-0.279935 5.38547
-0.269935 5.4019
-0.259935 5.41838
-0.249935 5.43491
-0.239935 5.45149
-0.229935 5.46812
-0.219935 5.4848
-0.209935 5.50153
-0.199935 5.51831
-0.189935 5.53515
-0.179935 5.55203
-0.169935 5.56897
-0.159935 5.58596
-0.149935 5.603
-0.139935 5.62009
-0.129935 5.63724
-0.119935 5.65443
-0.109935 5.67168
-0.0999351 5.68898
-0.0899351 5.70634
-0.0799351 5.72375
-0.0699351 5.74121
-0.0599351 5.75872
-0.0499351 5.77629
-0.0399351 5.79391
-0.0299351 5.81158
-0.0199351 5.82931
-0.00993508 5.8471
6.49209e-05 5.86493
0.0100649 5.88282
0.0200649 5.90077
0.0300649 5.91877
0.0400649 5.93683
0.0500649 5.95494
0.0600649 5.9731
0.0700649 5.99133
0.0800649 6.0096
0.0900649 6.02794
0.100065 6.04632
0.110065 6.06477
0.120065 6.08327
0.130065 6.10183
0.140065 6.12044
0.150065 6.13911
0.160065 6.15784
0.170065 6.17663
0.180065 6.19547
0.190065 6.21437
0.200065 6.23333
0.210065 6.25234
0.220065 6.27141
0.230065 6.29055
0.240065 6.30974
0.250065 6.32898
0.260065 6.34829
0.270065 6.36766
0.280065 6.38708
0.290065 6.40657
0.300065 6.42611
0.310065 6.44571
0.320065 6.46538
0.330065 6.4851
0.340065 6.50488
0.350065 6.52473
0.360065 6.54463
0.370065 6.5646
0.380065 6.58462
0.390065 6.60471
0.400065 6.62486
0.410065 6.64507
0.420065 6.66534
0.430065 6.68567
0.440065 6.70607
0.450065 6.72652
0.460065 6.74704
0.470065 6.76763
0.480065 6.78827
0.490065 6.80898
0.500065 6.82975
0.510065 6.85059
0.520065 6.87148
0.530065 6.89245
0.540065 6.91347
0.550065 6.93456
0.560065 6.95572
0.570065 6.97694
0.580065 6.99822
0.590065 7.01957
0.600065 7.04098
0.610065 7.06246
0.620065 7.08401
0.630065 7.10562
0.640065 7.12729
0.650065 7.14903
0.660065 7.17084
0.670065 7.19272
0.680065 7.21466
0.690065 7.23667
0.700065 7.25875
0.710065 7.28089
0.720065 7.3031
0.730065 7.32538
0.740065 7.34773
0.750064 7.37014
0.760064 7.39262
0.770064 7.41518
0.780064 7.4378
0.790064 7.46049
0.800064 7.48324
0.810064 7.50607
0.820064 7.52897
0.830064 7.55194
0.840064 7.57498
0.850064 7.59808
0.860064 7.62126
0.870064 7.64451
0.880064 7.66783
0.890064 7.69122
0.900064 7.71469
0.910064 7.73822
0.920064 7.76183
0.930064 7.78551
0.940064 7.80926
0.950064 7.83308
0.960064 7.85697
0.970064 7.88094
0.980064 7.90498
0.990064 7.9291
1.00006 7.95329
1.01006 7.97755
1.02006 8.00189
1.03006 8.0263
1.04006 8.05078
1.05006 8.07534
1.06006 8.09997
1.07006 8.12468
1.08006 8.14947
1.09006 8.17433
1.10006 8.19927
1.11006 8.22428
1.12006 8.24937
1.13006 8.27453
1.14006 8.29978
1.15006 8.32509
1.16006 8.35049
1.17006 8.37597
1.18006 8.40152
1.19006 8.42715
1.20006 8.45285
1.21006 8.47864
1.22006 8.5045
1.23006 8.53045
1.24006 8.55647
1.25006 8.58257
1.26006 8.60876
1.27006 8.63502
1.28006 8.66136
1.29006 8.68778
1.30006 8.71428
1.31006 8.74087
1.32006 8.76753
1.33006 8.79428
1.34006 8.82111
1.35006 8.84802
1.36006 8.87501
1.37006 8.90208
1.38006 8.92924
1.39006 8.95648
1.40006 8.9838
1.41006 9.01121
1.42006 9.0387
1.43006 9.06627
1.44006 9.09393
1.45006 9.12167
1.46006 9.14949
1.47006 9.17741
1.48006 9.2054
1.49006 9.23348
1.50006 9.26165
1.51006 9.2899
1.52006 9.31824
1.53006 9.34667
1.54006 9.37518
1.55006 9.40378
1.56006 9.43247
1.57006 9.46124
1.58006 9.49011
1.59006 9.51906
1.60006 9.5481
1.61006 9.57722
1.62006 9.60644
1.63006 9.63574
1.64006 9.66514
1.65006 9.69462
1.66006 9.7242
1.67006 9.75386
1.68006 9.78362
1.69006 9.81346
1.70006 9.8434
1.71006 9.87343
1.72006 9.90355
1.73006 9.93376
1.74006 9.96406
1.75006 9.99446
1.76006 10.0249
1.77006 10.0555
1.78006 10.0862
1.79006 10.117
1.80006 10.1478
1.81006 10.1788
1.82006 10.2098
1.83006 10.241
1.84006 10.2722
1.85006 10.3036
1.86006 10.335
1.87006 10.3665
1.88006 10.3982
1.89006 10.4299
1.90006 10.4617
1.91006 10.4936
1.92006 10.5256
1.93006 10.5577
1.94006 10.5899
1.95006 10.6222
1.96006 10.6546
1.97006 10.6871
1.98006 10.7197
1.99006 10.7524
2.00006 10.7853
2.01006 10.8182
2.02006 10.8512
2.03006 10.8843
2.04006 10.9175
2.05006 10.9508
2.06006 10.9842
2.07006 11.0177
2.08006 11.0513
2.09006 11.085
2.10006 11.1188
2.11006 11.1527
2.12006 11.1868
2.13006 11.2209
2.14006 11.2551
2.15006 11.2894
2.16006 11.3239
2.17006 11.3584
2.18006 11.3931
2.19006 11.4278
2.20006 11.4627
2.21006 11.4977
2.22006 11.5327
2.23006 11.5679
2.24006 11.6032
2.25006 11.6386
2.26006 11.6741
2.27006 11.7097
2.28006 11.7454
2.29006 11.7813
2.30006 11.8172
2.31006 11.8533
2.32006 11.8894
2.33006 11.9257
2.34006 11.9621
2.35006 11.9986
2.36006 12.0352
2.37006 12.0719
2.38006 12.1087
2.39006 12.1457
2.40006 12.1827
2.41006 12.2199
2.42006 12.2571
2.43006 12.2945
2.44006 12.332
2.45006 12.3697
2.46006 12.4074
2.47006 12.4452
2.48006 12.4832
2.49006 12.5213
2.50006 12.5595
2.51006 12.5978
2.52006 12.6362
2.53006 12.6748
2.54006 12.7134
2.55006 12.7522
2.56006 12.7911
2.57006 12.8302
2.58006 12.8693
2.59006 12.9086
2.60006 12.9479
2.61006 12.9874
2.62006 13.027
2.63006 13.0668
2.64006 13.1067
2.65006 13.1466
2.66006 13.1867
2.67006 13.227
2.68006 13.2673
2.69006 13.3078
2.70006 13.3484
2.71006 13.3891
2.72006 13.43
2.73006 13.4709
2.74006 13.512
2.75006 13.5532
2.76006 13.5946
2.77006 13.636
2.78006 13.6776
2.79006 13.7194
2.80006 13.7612
2.81006 13.8032
2.82006 13.8453
2.83006 13.8875
2.84006 13.9299
2.85006 13.9724
2.86006 14.015
2.87006 14.0578
2.88006 14.1007
2.89006 14.1437
2.90006 14.1868
2.91006 14.2301
2.92006 14.2735
2.93006 14.3171
2.94006 14.3607
2.95006 14.4045
2.96006 14.4485
2.97006 14.4926
2.98006 14.5368
2.99006 14.5811
3.00006 14.6256
3.01006 14.6702
3.02006 14.715
3.03006 14.7599
3.04006 14.8049
3.05006 14.8501
3.06006 14.8954
3.07006 14.9408
3.08006 14.9864
3.09006 15.0321
3.10006 15.0779
3.11006 15.1239
3.12006 15.1701
3.13006 15.2164
3.14006 15.2628
3.15006 15.3093
3.16006 15.356
3.17006 15.4029
3.18006 15.4499
3.19006 15.497
3.20006 15.5443
3.21006 15.5917
3.22006 15.6393
3.23006 15.687
3.24006 15.7348
3.25006 15.7828
3.26006 15.831
3.27006 15.8793
3.28006 15.9277
3.29006 15.9763
3.30006 16.025
3.31006 16.0739
3.32006 16.123
3.33006 16.1721
3.34006 16.2215
3.35006 16.271
3.36006 16.3206
3.37006 16.3704
3.38006 16.4203
3.39006 16.4704
3.40006 16.5207
3.41006 16.5711
3.42006 16.6216
3.43006 16.6723
3.44006 16.7232
3.45006 16.7742
3.46006 16.8254
3.47006 16.8767
3.48006 16.9282
3.49006 16.9798
3.50006 17.0316
3.51006 17.0836
3.52006 17.1357
3.53006 17.188
3.54006 17.2404
3.55006 17.293
3.56006 17.3457
3.57006 17.3986
3.58006 17.4517
3.59006 17.505
3.60006 17.5584
3.61006 17.6119
3.62006 17.6656
3.63006 17.7195
3.64006 17.7736
3.65006 17.8278
3.66006 17.8822
3.67006 17.9368
3.68006 17.9915
3.69006 18.0464
3.70006 18.1014
3.71006 18.1566
3.72006 18.212
3.73006 18.2676
3.74006 18.3233
3.75006 18.3792
3.76006 18.4353
3.77006 18.4915
3.78006 18.5479
3.79006 18.6045
3.80006 18.6612
3.81006 18.7182
3.82006 18.7753
3.83006 18.8326
3.84006 18.89
3.85006 18.9476
3.86006 19.0054
3.87006 19.0634
3.88006 19.1216
3.89006 19.1799
3.90006 19.2384
3.91006 19.2971
3.92006 19.356
3.93006 19.415
3.94006 19.4742
3.95006 19.5336
3.96006 19.5932
3.97006 19.653
3.98006 19.713
3.99006 19.7731
4.00006 19.8334
4.01006 19.8939
4.02006 19.9546
4.03006 20.0155
4.04006 20.0765
4.05006 20.1378
4.06006 20.1992
4.07006 20.2608
4.08006 20.3226
4.09006 20.3846
4.10006 20.4468
4.11006 20.5092
4.12006 20.5718
4.13006 20.6345
4.14006 20.6975
4.15006 20.7606
4.16007 20.824
4.17007 20.8875
4.18007 20.9512
4.19007 21.0151
4.20007 21.0792
4.21007 21.1435
4.22007 21.208
4.23007 21.2727
4.24007 21.3376
4.25007 21.4027
4.26007 21.468
4.27007 21.5335
4.28007 21.5992
4.29007 21.6651
4.30007 21.7312
4.31007 21.7975
4.32007 21.864
4.33007 21.9307
4.34007 21.9976
4.35007 22.0647
4.36007 22.132
4.37007 22.1995
4.38007 22.2672
4.39007 22.3352
4.40007 22.4033
4.41007 22.4716
4.42007 22.5402
4.43007 22.609
4.44007 22.6779
4.45007 22.7471
4.46007 22.8165
4.47007 22.8861
4.48007 22.9559
4.49007 23.026
4.50007 23.0962
4.51007 23.1667
4.52007 23.2373
4.53007 23.3082
4.54007 23.3793
4.55007 23.4507
4.56007 23.5222
4.57007 23.594
4.58007 23.6659
4.59008 23.7381
4.60008 23.8105
4.61008 23.8832
4.62008 23.956
4.63008 24.0291
4.64008 24.1024
4.65008 24.176
4.66008 24.2497
4.67008 24.3237
4.68008 24.3979
4.69008 24.4723
4.70008 24.547
4.71008 24.6219
4.72008 24.697
4.73008 24.7723
4.74008 24.8479
4.75008 24.9237
4.76008 24.9997
4.77008 25.076
4.78008 25.1525
4.79008 25.2292
4.80008 25.3062
4.81008 25.3834
4.82008 25.4608
4.83008 25.5385
4.84008 25.6164
4.85008 25.6946
4.86008 25.7729
4.87008 25.8516
4.88008 25.9304
4.89008 26.0095
4.90008 26.0889
4.91008 26.1685
4.92008 26.2483
4.93008 26.3284
4.94008 26.4087
4.95008 26.4893
4.96008 26.5701
4.97008 26.6511
4.98008 26.7324
4.99008 26.814
5.00008 26.8958
5.01008 26.9778
5.02008 27.0601
5.03009 27.1427
5.04009 27.2255
5.05009 27.3085
5.06009 27.3918
5.07009 27.4754
5.08009 27.5592
5.09009 27.6433
5.10009 27.7276
5.11009 27.8122
5.12009 27.8971
5.13009 27.9822
5.14009 28.0675
5.15009 28.1532
5.16009 28.239
5.17009 28.3252
5.18009 28.4116
5.19009 28.4983
5.20009 28.5852
5.21009 28.6724
5.22009 28.7599
5.23009 28.8476
5.24009 28.9356
5.25009 29.0239
5.26009 29.1124
5.27009 29.2013
5.28009 29.2903
5.29009 29.3797
5.30009 29.4693
5.31009 29.5592
5.32009 29.6494
5.33009 29.7398
5.34009 29.8306
5.35009 29.9216
5.36009 30.0129
5.37009 30.1044
5.38009 30.1963
5.39009 30.2884
5.40009 30.3808
5.41009 30.4735
5.42009 30.5664
5.43009 30.6597
5.44009 30.7532
5.45009 30.847
5.46009 30.9411
5.4701 31.0355
5.4801 31.1302
5.4901 31.2252
5.5001 31.3204
5.5101 31.416
5.5201 31.5118
5.5301 31.6079
5.5401 31.7044
5.5501 31.8011
5.5601 31.8981
5.5701 31.9954
5.5801 32.093
5.5901 32.1909
5.6001 32.2891
5.6101 32.3876
5.6201 32.4864
5.6301 32.5855
5.6401 32.6849
5.6501 32.7846
5.6601 32.8847
5.6701 32.985
5.6801 33.0856
5.6901 33.1865
5.7001 33.2878
5.7101 33.3893
5.7201 33.4912
5.7301 33.5934
5.7401 33.6958
5.7501 33.7986
5.7601 33.9017
5.7701 34.0052
5.7801 34.1089
5.7901 34.213
5.8001 34.3173
5.8101 34.422
5.8201 34.527
5.8301 34.6324
5.8401 34.738
5.8501 34.844
5.8601 34.9503
5.8701 35.0569
5.8801 35.1638
5.8901 35.2711
5.9001 35.3787
5.91011 35.4867
5.92011 35.5949
5.93011 35.7035
5.94011 35.8124
5.95011 35.9217
5.96011 36.0313
5.97011 36.1412
5.98011 36.2514
5.99011 36.362
6.00011 36.4729
6.01011 36.5842
6.02011 36.6958
6.03011 36.8078
6.04011 36.9201
6.05011 37.0327
6.06011 37.1457
6.07011 37.259
6.08011 37.3726
6.09011 37.4866
6.10011 37.601
6.11011 37.7157
6.12011 37.8308
6.13011 37.9462
6.14011 38.0619
6.15011 38.1781
6.16011 38.2945
6.17011 38.4113
6.18011 38.5285
6.19011 38.6461
6.20011 38.764
6.21011 38.8822
6.22011 39.0008
6.23011 39.1198
6.24011 39.2392
6.25011 39.3589
6.26011 39.4789
6.27011 39.5994
6.28011 39.7202
6.29011 39.8413
6.30011 39.9629
6.31011 40.0848
6.32011 40.2071
6.33011 40.3297
6.34012 40.4528
6.35012 40.5762
6.36012 40.7
6.37012 40.8241
6.38012 40.9487
6.39012 41.0736
6.40012 41.1989
6.41012 41.3246
6.42012 41.4506
6.43012 41.5771
6.44012 41.7039
6.45012 41.8312
6.46012 41.9588
6.47012 42.0868
6.48012 42.2152
6.49012 42.3439
6.50012 42.4731
6.51012 42.6027
6.52012 42.7327
6.53012 42.863
6.54012 42.9938
6.55012 43.1249
6.56012 43.2565
6.57012 43.3885
6.58012 43.5208
6.59012 43.6536
6.60012 43.7868
6.61012 43.9203
6.62012 44.0543
6.63012 44.1887
6.64012 44.3235
6.65012 44.4587
6.66012 44.5944
6.67012 44.7304
6.68012 44.8669
6.69012 45.0037
6.70012 45.141
6.71012 45.2787
6.72012 45.4169
6.73012 45.5554
6.74012 45.6944
6.75012 45.8338
6.76012 45.9736
6.77012 46.1139
6.78013 46.2546
6.79013 46.3957
6.80013 46.5372
6.81013 46.6792
6.82013 46.8216
6.83013 46.9644
6.84013 47.1077
6.85013 47.2514
6.86013 47.3955
6.87013 47.5401
6.88013 47.6851
6.89013 47.8306
6.90013 47.9765
6.91013 48.1229
6.92013 48.2697
6.93013 48.417
6.94013 48.5647
6.95013 48.7128
6.96013 48.8614
6.97013 49.0105
6.98013 49.16
6.99013 49.31
7.00013 49.4604
7.01013 49.6113
7.02013 49.7626
7.03013 49.9144
7.04013 50.0667
7.05013 50.2194
7.06013 50.3726
7.07013 50.5263
7.08013 50.6805
7.09013 50.8351
7.10013 50.9901
7.11013 51.1457
7.12013 51.3017
7.13013 51.4582
7.14013 51.6152
7.15013 51.7727
7.16013 51.9306
7.17013 52.089
7.18013 52.2479
7.19013 52.4073
7.20013 52.5672
7.21013 52.7276
7.22014 52.8884
7.23014 53.0498
7.24014 53.2116
7.25014 53.3739
7.26014 53.5368
7.27014 53.7001
7.28014 53.8639
7.29014 54.0282
7.30014 54.193
7.31014 54.3584
7.32014 54.5242
7.33014 54.6905
7.34014 54.8574
7.35014 55.0247
7.36014 55.1926
7.37014 55.361
7.38014 55.5299
7.39014 55.6993
7.40014 55.8692
7.41014 56.0396
7.42014 56.2106
7.43014 56.382
7.44014 56.554
7.45014 56.7266
7.46014 56.8996
7.47014 57.0732
7.48014 57.2473
7.49014 57.422
7.50014 57.5971
7.51014 57.7728
7.52014 57.9491
7.53014 58.1259
7.54014 58.3032
7.55014 58.4811
7.56014 58.6595
7.57014 58.8384
7.58014 59.0179
7.59014 59.198
7.60014 59.3785
7.61014 59.5597
7.62014 59.7414
7.63014 59.9236
7.64014 60.1064
7.65015 60.2898
7.66015 60.4737
7.67015 60.6582
7.68015 60.8433
7.69015 61.0289
7.70015 61.2151
7.71015 61.4018
7.72015 61.5891
7.73015 61.777
7.74015 61.9655
7.75015 62.1545
7.76015 62.3441
7.77015 62.5343
7.78015 62.7251
7.79015 62.9164
7.80015 63.1084
7.81015 63.3009
7.82015 63.494
7.83015 63.6877
7.84015 63.882
7.85015 64.0769
7.86015 64.2723
7.87015 64.4684
7.88015 64.6651
7.89015 64.8624
7.90015 65.0602
7.91015 65.2587
7.92015 65.4578
7.93015 65.6575
7.94015 65.8578
7.95015 66.0587
7.96015 66.2602
7.97015 66.4623
7.98015 66.6651
7.99015 66.8685
8.00015 67.0725
8.01015 67.2771
8.02015 67.4823
8.03015 67.6882
8.04015 67.8947
8.05015 68.1018
8.06015 68.3095
8.07015 68.5179
8.08015 68.727
8.09015 68.9366
8.10015 69.1469
8.11016 69.3579
8.12016 69.5695
8.13016 69.7817
8.14016 69.9946
8.15016 70.2081
8.16016 70.4223
8.17016 70.6371
8.18016 70.8526
8.19016 71.0688
8.20016 71.2856
8.21016 71.503
8.22016 71.7212
8.23016 71.94
8.24016 72.1594
8.25016 72.3796
8.26016 72.6004
8.27016 72.8218
8.28016 73.044
8.29016 73.2668
8.30016 73.4903
8.31016 73.7145
8.32016 73.9394
8.33016 74.165
8.34016 74.3912
8.35016 74.6182
8.36016 74.8458
8.37016 75.0741
8.38016 75.3032
8.39016 75.5329
8.40016 75.7633
8.41016 75.9944
8.42016 76.2263
8.43016 76.4588
8.44016 76.6921
8.45016 76.926
8.46016 77.1607
8.47016 77.3961
8.48016 77.6322
8.49016 77.869
8.50016 78.1066
8.51016 78.3448
8.52016 78.5839
8.53016 78.8236
8.54016 79.064
8.55017 79.3052
8.56017 79.5472
8.57017 79.7898
8.58017 80.0333
8.59017 80.2774
8.60017 80.5223
8.61017 80.768
8.62017 81.0144
8.63017 81.2615
8.64017 81.5094
8.65017 81.7581
8.66017 82.0075
8.67017 82.2577
8.68017 82.5086
8.69017 82.7603
8.70017 83.0128
8.71017 83.266
8.72017 83.52
8.73017 83.7748
8.74017 84.0304
8.75017 84.2867
8.76017 84.5439
8.77017 84.8018
8.78017 85.0605
8.79017 85.32
8.80017 85.5803
8.81017 85.8413
8.82017 86.1032
8.83017 86.3659
8.84017 86.6294
8.85017 86.8936
8.86017 87.1587
8.87017 87.4246
8.88017 87.6913
8.89017 87.9588
8.90017 88.2272
8.91017 88.4963
8.92017 88.7663
8.93017 89.0371
8.94017 89.3087
8.95017 89.5811
8.96017 89.8544
8.97017 90.1285
8.98018 90.4035
8.99018 90.6793
9.00018 90.9559
9.01018 91.2334
9.02018 91.5117
9.03018 91.7909
9.04018 92.0709
9.05018 92.3518
9.06018 92.6335
9.07018 92.9161
9.08018 93.1996
9.09018 93.4839
9.10018 93.7691
9.11018 94.0551
9.12018 94.3421
9.13018 94.6299
9.14018 94.9185
9.15018 95.2081
9.16018 95.4986
9.17018 95.7899
9.18018 96.0821
9.19018 96.3752
9.20018 96.6692
9.21018 96.9641
9.22018 97.2599
9.23018 97.5567
9.24018 97.8543
9.25018 98.1528
9.26018 98.4522
9.27018 98.7526
9.28018 99.0538
9.29018 99.356
9.30018 99.6591
9.31018 99.9631
9.32018 100.268
9.33018 100.574
9.34018 100.881
9.35018 101.189
9.36018 101.497
9.37018 101.807
9.38018 102.117
9.39018 102.429
9.40018 102.741
9.41018 103.055
9.42019 103.369
9.43019 103.685
9.44019 104.001
9.45019 104.318
9.46019 104.636
9.47019 104.956
9.48019 105.276
9.49019 105.597
9.50019 105.919
9.51019 106.242
9.52019 106.566
9.53019 106.891
9.54019 107.218
9.55019 107.545
9.56019 107.873
9.57019 108.202
9.58019 108.532
9.59019 108.863
9.60019 109.195
9.61019 109.528
9.62019 109.862
9.63019 110.197
9.64019 110.534
9.65019 110.871
9.66019 111.209
9.67019 111.548
9.68019 111.889
9.69019 112.23
9.70019 112.572
9.71019 112.916
9.72019 113.26
9.73019 113.606
9.74019 113.952
9.75019 114.3
9.76019 114.649
9.77019 114.998
9.78019 115.349
9.79019 115.701
9.80019 116.054
9.81019 116.408
9.82019 116.763
9.83019 117.119
9.84019 117.477
9.85019 117.835
9.8602 118.195
9.8702 118.555
9.8802 118.917
9.8902 119.28
9.9002 119.643
9.9102 120.008
9.9202 120.375
9.9302 120.742
9.9402 121.11
9.9502 121.48
9.9602 121.85
9.9702 122.222
9.9802 122.595
9.9902 122.969
