-1
-0.995453
-0.981918
-0.959517
-0.92845
-0.888998
-0.841514
-0.786426
-0.724229
-0.655484
-0.580807
-0.500872
-0.416397
-0.328143
-0.236903
-0.1435
-0.0487751
0.0464194
0.141225
0.234788
0.326265
0.414829
0.499682
0.580059
0.655231
0.724521
0.787299
0.842999
0.891113
0.931205
0.962909
0.985935
1.00007
1.00518
1.00121
0.988205
0.966261
0.935575
0.896417
0.849134
0.794148
0.731946
0.663086
0.588181
0.507903
0.422971
0.334146
0.242225
0.148035
0.0524229
-0.0437516
-0.139622
-0.234323
-0.327
-0.416816
-0.502958
-0.584646
-0.661139
-0.731741
-0.79581
-0.852761
-0.902072
-0.943289
-0.976033
-0.999997
-1.01496
-1.02076
-1.01735
-1.00474
-0.983043
-0.95243
-0.913169
-0.865604
-0.810151
-0.7473
-0.677606
-0.601688
-0.520223
-0.433935
-0.343596
-0.250015
-0.154029
-0.0565011
0.0416923
0.139667
0.236539
0.331433
0.42349
0.511876
0.595787
0.67446
0.747175
0.813267
0.872128
0.923214
0.966051
1.00024
1.02545
1.04144
1.04805
1.0452
1.03291
1.01125
0.980412
0.940651
0.89231
0.835805
0.77163
0.700347
0.622585
0.53903
0.450425
0.357556
0.261253
0.162376
0.0618106
-0.0395394
-0.140762
-0.240944
-0.33918
-0.434578
-0.526273
-0.613428
-0.695247
-0.770978
-0.839923
-0.901445
-0.95497
-0.999994
-1.03609
-1.06291
-1.08019
-1.08775
-1.08549
-1.07341
-1.05158
-1.0202
-0.979495
-0.929825
-0.871608
-0.805346
-0.731614
-0.651056
-0.564378
-0.472346
-0.375773
-0.275517
-0.172472
-0.0675593
0.0382813
0.144097
0.248935
0.351845
0.451894
0.548169
0.639792
0.725921
0.805762
0.878574
0.943678
1.00046
1.04839
1.08699
1.11589
1.1348
1.14352
1.14192
1.12999
1.1078
1.07551
1.03339
0.981772
0.921093
0.851867
0.774689
0.690225
0.59921
0.502443
0.400773
0.295101
0.186365
0.0755327
-0.0364028
-0.148436
-0.259557
-0.36876
-0.475053
-0.577464
-0.675055
-0.766926
-0.852226
-0.930158
-0.99999
-1.06106
-1.11278
-1.15464
-1.18622
-1.20721
-1.21736
-1.21653
-1.20468
-1.18189
-1.14829
-1.10416
-1.04983
-0.985759
-0.912479
-0.830607
-0.740845
-0.643965
-0.54081
-0.43228
-0.319331
-0.202959
-0.0841995
0.0358884
0.156228
0.275734
0.393325
0.507931
0.618504
0.724026
0.823521
0.916061
1.00078
1.07687
1.1436
1.20032
1.24647
1.28158
1.30528
1.31729
1.31743
1.30566
1.28201
1.24662
1.19977
1.1418
1.07318
0.994464
0.906316
0.809473
0.704762
0.593083
0.475403
0.352749
0.2262
0.0968747
-0.0340769
-0.165483
-0.29616
-0.424927
-0.550609
-0.672055
-0.788144
-0.897797
-0.999984
-1.09374
-1.17816
-1.25244
-1.31583
-1.3677
-1.4075
-1.43481
-1.44929
-1.45073
-1.43903
-1.41421
-1.37642
-1.3259
-1.26303
-1.18828
-1.10227
-1.00567
-0.899303
-0.784047
-0.660886
-0.530873
-0.395133
-0.254851
-0.11126
0.034371
0.180742
0.326538
0.470441
0.61114
0.747342
0.877787
1.00125
1.11658
1.22266
1.31848
1.40308
1.47562
1.53535
1.58164
1.61396
1.63191
1.63521
1.62373
1.59744
1.55646
1.50104
1.43157
1.34854
1.25261
1.14453
1.02516
0.895499
0.756615
0.609685
0.455964
0.296779
0.133516
-0.0323884
-0.199463
-0.366213
-0.531132
-0.692717
-0.849484
-0.999974
-1.14277
-1.27653
-1.39994
-1.51181
-1.61102
-1.69655
-1.7675
-1.8231
-1.86269
-1.88575
-1.89193
-1.88099
-1.85286
-1.80763
-1.74552
-1.66693
-1.5724
-1.46261
-1.33839
-1.2007
-1.05065
-0.889458
-0.71845
-0.539062
-0.352817
-0.161318
0.0337714
0.230734
0.42782
0.623255
0.815264
1.00208
1.18196
1.35321
1.51419
1.66332
1.79913
1.92024
2.02537
2.1134
2.18332
2.23428
2.26558
2.2767
2.26728
2.23716
2.18633
2.11498
2.02349
1.91241
1.78249
1.63465
1.46996
1.28968
1.09521
0.888113
0.670065
0.442871
0.208442
-0.0312211
-0.274043
-0.517892
-0.760594
-0.999955
-1.23378
-1.45989
-1.67613
-1.88043
-2.07077
-2.24521
-2.40196
-2.53932
-2.65576
-2.7499
-2.82052
-2.86662
-2.88738
-2.88218
-2.85063
-2.79256
-2.70805
-2.59737
-2.46107
-2.29991
-2.11488
-1.90719
-1.6783
-1.42985
-1.1637
-0.881876
-0.586603
-0.280252
0.0346629
0.355506
0.679537
1.00394
1.32583
1.64229
1.9504
2.24725
2.52996
2.79572
3.04179
3.26556
3.46456
3.63645
3.7791
3.89058
3.96915
4.01336
4.02198
3.99408
3.92899
3.82637
3.68617
3.50867
3.29444
3.04441
2.75982
2.44222
2.09349
1.71582
1.31168
0.883848
0.435363
-0.0304797
-0.510149
-0.999901
-1.4958
-1.99374
-2.48948
-2.97867
-3.45688
-3.91961
-4.36237
-4.78066
-5.17004
-5.52612
-5.84465
-6.1215
-6.35274
-6.53461
-6.66362
-6.7365
-6.75032
-6.70242
-6.59052
-6.41267
-6.16731
-5.85329
-5.46986
-5.0167
-4.49393
-3.90208
-3.24216
-2.5156
-1.72428
-0.87052
0.0429451
1.01296
2.03597
3.10804
4.22486
5.3818
6.5739
7.79593
9.04237
10.3075
11.5854
12.8701
14.1552
15.4346
16.7018
17.9507
19.1748
20.368
21.524
22.6371
23.7013
24.7111
25.6611
26.5465
27.3624
28.1045
28.7689
29.352
29.8507
30.2622
30.5844
30.8155
31
30.9533
30.8136
30.5815
30.2584
29.8459
29.3464
28.7624
28.0972
27.3542
26.5375
25.6515
24.7007
23.6902
22.6254
21.5119
20.3553
19.1617
17.9371
16.688
15.4204
14.1408
12.8555
11.5708
10.2928
9.02763
7.78123
6.55931
5.36736
4.21062
3.09404
2.02226
0.999582
0.0299356
-0.883126
-1.73645
-2.5273
-3.25337
-3.91279
-4.5041
-5.02634
-5.47894
-5.86181
-6.17526
-6.42006
-6.59734
-6.70869
-6.75604
-6.7417
-6.66829
-6.53879
-6.35644
-6.12475
-5.84746
-5.52853
-5.17207
-4.78236
-4.36375
-3.92071
-3.45773
-2.97931
-2.48993
-1.99404
-1.49599
-1.00001
-0.510204
-0.030513
0.435321
0.88377
1.31154
1.71559
2.09315
2.44175
2.7592
3.04362
3.29347
3.5075
3.68481
3.8248
3.9272
3.99207
4.01975
4.01091
3.96649
3.88771
3.77603
3.63319
3.46111
3.26195
3.03803
2.79182
2.52594
2.24313
1.9462
1.63802
1.32151
0.999593
0.675186
0.351168
0.0303573
-0.284507
-0.590789
-0.885975
-1.16769
-1.43373
-1.68205
-1.91079
-2.11832
-2.30318
-2.46417
-2.60028
-2.71077
-2.79509
-2.85296
-2.88431
-2.88931
-2.86836
-2.82207
-2.75126
-2.65694
-2.54033
-2.40281
-2.24591
-2.07132
-1.88086
-1.67645
-1.4601
-1.2339
-1.00001
-0.760588
-0.517844
-0.273969
-0.0311356
0.208524
0.442935
0.670096
0.888099
1.09514
1.28953
1.46973
1.63433
1.78208
1.91189
2.02285
2.11422
2.18544
2.23614
2.26614
2.27542
2.26417
2.23274
2.18166
2.11162
2.02348
1.91824
1.79703
1.66113
1.51191
1.35086
1.17955
0.999615
0.812759
0.620722
0.42527
0.228181
0.0312256
-0.163844
-0.355312
-0.541513
-0.720848
-0.891791
-1.05291
-1.20288
-1.34047
-1.46459
-1.57428
-1.6687
-1.74717
-1.80916
-1.85427
-1.88227
-1.89309
-1.88679
-1.8636
-1.82389
-1.76818
-1.69712
-1.61148
-1.51217
-1.40021
-1.27671
-1.14288
-1.00001
-0.849456
-0.69264
-0.531015
-0.366067
-0.199298
-0.0322147
0.133688
0.296939
0.456103
0.609792
0.756682
0.895517
1.02512
1.14443
1.25244
1.34829
1.43123
1.50062
1.55595
1.59683
1.62303
1.63442
1.63102
1.61297
1.58056
1.53418
1.47436
1.40174
1.31706
1.22118
1.11503
0.999649
0.876131
0.745645
0.609409
0.468685
0.324766
0.178962
0.0325931
-0.113027
-0.256599
-0.396853
-0.532556
-0.662524
-0.785633
-0.900829
-1.00713
-1.10366
-1.1896
-1.26426
-1.32704
-1.37747
-1.41518
-1.4399
-1.4515
-1.44997
-1.4354
-1.408
-1.36811
-1.31615
-1.25268
-1.17832
-1.09383
-1.00001
-0.897757
-0.788051
-0.671915
-0.550429
-0.424715
-0.295925
-0.165232
-0.0338185
0.0971325
0.226449
0.352982
0.475611
0.59326
0.704901
0.809567
0.906359
0.99445
1.0731
1.14166
1.19956
1.24634
1.28165
1.30523
1.31692
1.31669
1.30461
1.28084
1.24565
1.19943
1.14264
1.07584
0.999696
0.914926
0.822337
0.722799
0.61724
0.506638
0.392009
0.274402
0.154888
0.0345482
-0.085533
-0.204279
-0.320629
-0.43355
-0.542045
-0.645159
-0.741991
-0.8317
-0.913513
-0.986731
-1.05073
-1.10499
-1.14905
-1.18257
-1.20529
-1.21706
-1.21781
-1.20758
-1.18652
-1.15486
-1.11293
-1.06114
-1
-0.930111
-0.852122
-0.76677
-0.674852
-0.577221
-0.474776
-0.368456
-0.259232
-0.148097
-0.0360562
0.0758795
0.186705
0.295428
0.40108
0.502723
0.599458
0.690435
0.774855
0.851985
0.921158
0.98178
1.03334
1.0754
1.10762
1.12974
1.1416
1.14313
1.13435
1.11538
1.08641
1.04774
0.999758
0.942917
0.87776
0.804899
0.725015
0.638847
0.547191
0.450888
0.350818
0.247893
0.143047
0.0372291
-0.0686069
-0.173509
-0.276536
-0.376768
-0.473312
-0.565309
-0.651945
-0.732458
-0.806139
-0.872346
-0.930504
-0.980113
-1.02075
-1.05207
-1.07382
-1.08584
-1.08803
-1.0804
-1.06305
-1.03616
-1
-0.954916
-0.901332
-0.839755
-0.770758
-0.69498
-0.613119
-0.525927
-0.434201
-0.338777
-0.240522
-0.140326
-0.0390963
0.0622545
0.162814
0.26168
0.357966
0.450811
0.539388
0.622908
0.700631
0.77187
0.835997
0.892451
0.940738
0.980441
1.01122
1.03282
1.04505
1.04784
1.04116
1.02511
0.999838
0.965593
0.9227
0.871561
0.812651
0.746513
0.673757
0.595048
0.511105
0.422693
0.330615
0.235706
0.138825
0.0408479
-0.0573423
-0.154861
-0.250831
-0.344392
-0.434704
-0.52096
-0.602388
-0.678264
-0.747911
-0.810712
-0.86611
-0.913618
-0.952819
-0.98337
-1.00501
-1.01755
-1.0209
-1.01502
-1
-0.975974
-0.943169
-0.901893
-0.852525
-0.795522
-0.731404
-0.660757
-0.584224
-0.5025
-0.416328
-0.326487
-0.233791
-0.139077
-0.043199
0.052977
0.148585
0.242765
0.334669
0.423473
0.508378
0.588624
0.663492
0.732312
0.794468
0.849405
0.896636
0.935739
0.966368
0.988254
1.0012
1.00511
0.999939
0.985746
0.962662
0.930902
0.890756
0.84259
0.786842
0.724019
0.654689
0.579481
0.499073
0.414194
0.325609
0.234117
0.140545
0.0457352
-0.049457
-0.144174
-0.237563
-0.328783
-0.417012
-0.501457
-0.581356
-0.655993
-0.724694
-0.786841
-0.841877
-0.889305
-0.928699
-0.959706
-0.982045
-0.995517
-1
