-1
-0.995485
-0.981982
-0.959612
-0.928576
-0.889153
-0.841697
-0.786636
-0.724465
-0.655742
-0.581087
-0.50117
-0.416712
-0.32847
-0.237242
-0.143846
-0.0491268
0.0460662
0.140873
0.234441
0.325924
0.414499
0.499365
0.579757
0.654948
0.724258
0.78706
0.842784
0.890925
0.931045
0.962779
0.985835
1
1.00514
1.00121
0.988231
0.966318
0.935663
0.896534
0.84928
0.79432
0.732144
0.663306
0.588421
0.508161
0.423244
0.334431
0.242519
0.148336
0.0527265
-0.0434483
-0.139322
-0.23403
-0.326717
-0.416546
-0.502705
-0.584412
-0.660927
-0.731554
-0.79565
-0.852629
-0.901971
-0.943222
-0.976
-1
-1.01499
-1.02084
-1.01746
-1.00489
-0.983229
-0.952651
-0.913425
-0.865893
-0.810471
-0.747649
-0.677983
-0.60209
-0.520646
-0.434378
-0.344055
-0.250487
-0.154511
-0.056989
0.0412021
0.139177
0.236054
0.330955
0.423024
0.511424
0.595354
0.674047
0.746786
0.812904
0.871794
0.922911
0.96578
1
1.02525
1.04128
1.04792
1.04511
1.03285
1.01123
0.98043
0.940704
0.892395
0.835921
0.771775
0.70052
0.622781
0.539248
0.45066
0.357807
0.261514
0.162645
0.0620831
-0.0392667
-0.140493
-0.240683
-0.338931
-0.434344
-0.526058
-0.613236
-0.69508
-0.77084
-0.839818
-0.901374
-0.954936
-1
-1.03614
-1.063
-1.08032
-1.08792
-1.08571
-1.07367
-1.05189
-1.02055
-0.979886
-0.930256
-0.872077
-0.805851
-0.732152
-0.651623
-0.564972
-0.472965
-0.376411
-0.276172
-0.173139
-0.0682343
0.0376028
0.143419
0.248262
0.351179
0.451241
0.547534
0.639178
0.725331
0.805199
0.878043
0.943181
1
1.04796
1.08661
1.11555
1.13451
1.14326
1.14171
1.12982
1.10768
1.07544
1.03336
0.981778
0.921137
0.851947
0.774801
0.690366
0.599378
0.502632
0.400981
0.295323
0.186595
0.0757681
-0.0361671
-0.148205
-0.259335
-0.368552
-0.474863
-0.577298
-0.674916
-0.766819
-0.852154
-0.930125
-1
-1.06111
-1.11288
-1.15479
-1.18643
-1.20747
-1.21767
-1.21689
-1.20511
-1.18236
-1.14882
-1.10474
-1.05046
-0.98644
-0.913204
-0.831374
-0.741651
-0.644806
-0.541681
-0.433176
-0.320249
-0.203893
-0.0851444
0.0349381
0.155275
0.274787
0.392387
0.507009
0.617601
0.723149
0.822674
0.915248
1
1.07613
1.14291
1.19968
1.24588
1.28104
1.3048
1.31686
1.31706
1.30535
1.28175
1.24642
1.19962
1.1417
1.07312
0.994457
0.906351
0.809546
0.704869
0.593217
0.475561
0.352925
0.226389
0.0970701
-0.0338804
-0.165292
-0.295981
-0.424765
-0.55047
-0.671946
-0.788069
-0.897762
-1
-1.09381
-1.17828
-1.25262
-1.31607
-1.36801
-1.40788
-1.43525
-1.4498
-1.45131
-1.43969
-1.41495
-1.37722
-1.32677
-1.26396
-1.18928
-1.10333
-1.00679
-0.900473
-0.785265
-0.662145
-0.532168
-0.396458
-0.256199
-0.112625
0.032996
0.179364
0.325165
0.469078
0.609795
0.746022
0.876498
1
1.11537
1.2215
1.31737
1.40203
1.47463
1.53443
1.58079
1.61318
1.63121
1.63459
1.62318
1.59696
1.55605
1.50071
1.4313
1.34835
1.25248
1.14445
1.02513
0.895515
0.75667
0.609772
0.456077
0.296909
0.133656
-0.0322467
-0.199328
-0.366093
-0.531036
-0.692653
-0.84946
-1
-1.14286
-1.27667
-1.40016
-1.51211
-1.6114
-1.69701
-1.76806
-1.82375
-1.86344
-1.8866
-1.89288
-1.88204
-1.85402
-1.80889
-1.74689
-1.6684
-1.57396
-1.46426
-1.34012
-1.20251
-1.05253
-0.891402
-0.720448
-0.54111
-0.354903
-0.163432
0.0316394
0.228592
0.42568
0.621127
0.813158
1
1.17992
1.35122
1.51226
1.66146
1.79735
1.91854
2.02377
2.11189
2.18191
2.23297
2.26438
2.27561
2.26631
2.23629
2.18557
2.11433
2.02294
1.91196
1.78214
1.63438
1.46977
1.28956
1.09515
0.888106
0.670097
0.442932
0.208519
-0.0311409
-0.273973
-0.517844
-0.760583
-1
-1.23389
-1.46007
-1.67641
-1.88081
-2.07125
-2.24582
-2.4027
-2.54021
-2.6568
-2.7511
-2.82189
-2.86816
-2.88909
-2.88407
-2.85269
-2.79481
-2.71047
-2.59997
-2.46383
-2.30283
-2.11795
-1.91041
-1.68166
-1.43333
-1.16729
-0.885562
-0.590369
-0.284087
0.0307803
0.35159
0.675607
1
1.32191
1.63841
1.94658
2.2435
2.5263
2.79216
3.03836
3.26226
3.46141
3.63347
3.77629
3.88794
3.96671
4.01111
4.01993
3.99223
3.92734
3.82492
3.68492
3.50759
3.29355
3.04369
2.75925
2.44179
2.09318
1.71561
1.31155
0.883781
0.43533
-0.030505
-0.510194
-1
-1.49597
-1.99402
-2.4899
-2.97927
-3.45768
-3.92065
-4.36367
-4.78226
-5.17196
-5.5284
-5.84731
-6.12458
-6.35625
-6.53858
-6.66806
-6.74145
-6.75577
-6.70841
-6.59703
-6.41973
-6.17492
-5.86145
-5.47856
-5.02596
-4.5037
-3.91237
-3.25295
-2.52688
-1.73602
-0.882688
0.0303811
1
2.02268
3.09445
4.21103
5.36776
6.55971
7.78162
9.02801
10.2931
11.5711
12.8558
14.1411
15.4207
16.6882
17.9374
19.1619
20.3555
21.512
22.6256
23.6904
24.7008
25.6516
26.5376
27.3543
28.0972
28.7625
29.3464
29.846
30.2584
30.5815
30.8136
31
30.9533
30.8136
30.5815
30.2584
29.846
29.3464
28.7624
28.0972
27.3543
26.5376
25.6515
24.7008
23.6904
22.6256
21.512
20.3555
19.1619
17.9374
16.6882
15.4207
14.1411
12.8558
11.5711
10.2931
9.02797
7.78159
6.55967
5.36774
4.211
3.09443
2.02265
1
0.0303484
-0.882714
-1.73605
-2.5269
-3.25298
-3.9124
-4.50373
-5.02597
-5.47859
-5.86147
-6.17494
-6.41975
-6.59706
-6.70842
-6.75579
-6.74146
-6.66808
-6.53859
-6.35626
-6.12459
-5.84732
-5.52841
-5.17197
-4.78227
-4.36368
-3.92066
-3.45769
-2.97928
-2.48991
-1.99403
-1.49598
-1
-0.5102
-0.0305109
0.435324
0.883775
1.31155
1.7156
2.09318
2.44178
2.75924
3.04368
3.29354
3.50759
3.68491
3.82492
3.92734
3.99222
4.01993
4.01111
3.9667
3.88794
3.77628
3.63346
3.4614
3.26226
3.03835
2.79216
2.52629
2.2435
1.94657
1.6384
1.3219
1
0.675596
0.351581
0.0307691
-0.284094
-0.590381
-0.885571
-1.1673
-1.43334
-1.68167
-1.91042
-2.11796
-2.30284
-2.46385
-2.59998
-2.71048
-2.79482
-2.8527
-2.88408
-2.8891
-2.86817
-2.8219
-2.75111
-2.65681
-2.54022
-2.40271
-2.24583
-2.07126
-1.88081
-1.67641
-1.46008
-1.23389
-1
-0.760589
-0.51785
-0.273979
-0.0311467
0.208514
0.442927
0.670092
0.8881
1.09515
1.28955
1.46976
1.63437
1.78213
1.91196
2.02293
2.11432
2.18556
2.23629
2.2663
2.27561
2.26437
2.23296
2.1819
2.11189
2.02376
1.91854
1.79734
1.66146
1.51226
1.35122
1.17992
1
0.813152
0.621122
0.425674
0.228588
0.0316333
-0.163437
-0.354909
-0.541112
-0.720454
-0.891406
-1.05254
-1.20251
-1.34012
-1.46426
-1.57396
-1.6684
-1.74689
-1.80889
-1.85403
-1.88205
-1.89288
-1.88661
-1.86344
-1.82375
-1.76806
-1.69702
-1.6114
-1.51211
-1.40016
-1.27667
-1.14286
-1
-0.849461
-0.692655
-0.531037
-0.366095
-0.19933
-0.0322482
0.133655
0.296908
0.456076
0.609771
0.756669
0.895513
1.02513
1.14445
1.25247
1.34834
1.4313
1.50071
1.55605
1.59696
1.62318
1.63459
1.6312
1.61318
1.58079
1.53443
1.47463
1.40203
1.31737
1.2215
1.11537
1
0.876494
0.746018
0.609791
0.469075
0.32516
0.179359
0.0329908
-0.112628
-0.256204
-0.396463
-0.532173
-0.662149
-0.78527
-0.900479
-1.0068
-1.10333
-1.18929
-1.26397
-1.32678
-1.37723
-1.41495
-1.43969
-1.45132
-1.44981
-1.43526
-1.40788
-1.36801
-1.31608
-1.25262
-1.17829
-1.09381
-1
-0.897767
-0.788074
-0.67195
-0.550475
-0.424769
-0.295985
-0.165296
-0.0338852
0.0970658
0.226385
0.352921
0.475557
0.593214
0.704865
0.809542
0.906347
0.994454
1.07312
1.14169
1.19961
1.24642
1.28175
1.30534
1.31706
1.31686
1.30479
1.28104
1.24588
1.19967
1.1429
1.07613
1
0.915246
0.822672
0.723147
0.6176
0.507007
0.392386
0.274784
0.155275
0.0349359
-0.085146
-0.203895
-0.320249
-0.433178
-0.541682
-0.644808
-0.741651
-0.831375
-0.913205
-0.986441
-1.05046
-1.10474
-1.14882
-1.18237
-1.20511
-1.2169
-1.21767
-1.20747
-1.18643
-1.15479
-1.11288
-1.06111
-1
-0.930126
-0.852155
-0.766819
-0.674917
-0.577298
-0.474864
-0.368553
-0.259337
-0.148206
-0.036168
0.0757674
0.186594
0.295322
0.40098
0.502631
0.599377
0.690365
0.7748
0.851946
0.921136
0.981777
1.03335
1.07544
1.10768
1.12982
1.14171
1.14326
1.13451
1.11555
1.08661
1.04796
1
0.943179
0.878041
0.805198
0.72533
0.639176
0.547532
0.451239
0.351179
0.24826
0.143418
0.0376008
-0.0682353
-0.173141
-0.276173
-0.376413
-0.472965
-0.564974
-0.651625
-0.732153
-0.805852
-0.872079
-0.930257
-0.979888
-1.02055
-1.05189
-1.07367
-1.08571
-1.08792
-1.08032
-1.063
-1.03614
-1
-0.954937
-0.901375
-0.839819
-0.770841
-0.695081
-0.613237
-0.526059
-0.434346
-0.338931
-0.240684
-0.140494
-0.0392678
0.0620825
0.162644
0.261514
0.357805
0.450659
0.539247
0.622781
0.700519
0.771775
0.835921
0.892394
0.940703
0.980429
1.01123
1.03285
1.04511
1.04792
1.04127
1.02525
1
0.965779
0.92291
0.871793
0.812903
0.746785
0.674046
0.595352
0.511424
0.423023
0.330955
0.236052
0.139177
0.0412009
-0.0569897
-0.154512
-0.250487
-0.344056
-0.434378
-0.520647
-0.60209
-0.677983
-0.74765
-0.810472
-0.865893
-0.913425
-0.952651
-0.983229
-1.00489
-1.01746
-1.02084
-1.01499
-1
-0.976
-0.943222
-0.901972
-0.85263
-0.79565
-0.731554
-0.660927
-0.584412
-0.502705
-0.416547
-0.326717
-0.23403
-0.139322
-0.0434483
0.0527268
0.148336
0.24252
0.334431
0.423244
0.508161
0.588421
0.663306
0.732144
0.79432
0.84928
0.896534
0.935663
0.966318
0.988231
1.00121
1.00514
1
0.985834
0.962779
0.931045
0.890925
0.842784
0.787059
0.724257
0.654948
0.579757
0.499365
0.414498
0.325924
0.23444
0.140873
0.0460654
-0.0491262
-0.143847
-0.237242
-0.328471
-0.416712
-0.501171
-0.581087
-0.655743
-0.724465
-0.786636
-0.841697
-0.889153
-0.928576
-0.959612
-0.981982
-0.995485
-1
