140.949  1.4319
 126.878 -7.31324
158.514  22.008
45.3503 18.5328
151.975 21.0233
123.073 2.33926
 181.487 -9.67191
 176.115 -2.86875
155.578 12.6678
 144.383 -8.28616
  202.74 -2.99498
 104.616 -13.0352
123.283 31.9774
159.342 13.5554
110.021 -6.2745
 232.102 -19.5983
133.931 43.5992
 151.952 -20.6222
  135.046 -0.978395
 128.154 -4.76267
121.735 4.51568
 133.24 4.77528
154.245 15.4968
 96.9498 -11.8763
173.379 24.2718
113.521 5.37558
 141.59 24.3242
 156.835 -10.9518
77.2211 17.0633
 161.681 -7.94538
113.374 15.9834
131.799 8.07488
112.883  1.7949
225.076 13.4752
 203.24 4.40604
139.568 13.8485
166.015 32.3931
123.197 4.84888
117.144 22.2947
 129.322 -19.9117
134.784 0.38033
144.747 14.3597
111.728 -2.2422
 171.892 -19.8562
143.669  1.7216
 87.3068 -1.44216
  140.08 -12.0333
133.571 26.2208
 157.36 -3.3825
 96.5088 -13.5869
 95.3053 -5.28079
 105.847 -10.6457
149.542 19.0627
  120.51 -13.7096
155.781 8.16083
110.717 7.07892
141.643 13.4268
 183.334 -22.3001
84.7874 6.44918
171.284 7.76364
130.288 12.2589
139.696 17.4133
153.688 18.2038
 183.57 21.4566
 166.091 -13.9585
 78.9892 0.681012
  86.678 -1.25434
 183.576 -17.0818
108.249 13.8889
 129.787 -3.30646
150.825 -12.201
129.199  25.293
  152.981 -0.823506
57.9074 23.3236
141.729  24.008
174.644 12.4452
 111.43 7.82885
 93.4739 -8.16851
157.218  18.057
93.9494 8.68216
69.9886 16.7914
60.0369 25.5699
156.972  4.6058
202.097 13.2874
 145.999 -1.23322
186.152 16.5767
127.566 17.4343
 168.311 -6.15425
120.612 14.8102
 182.068 -4.71273
127.199 7.64716
 102.045 0.767833
128.119 18.6756
  104.435 -0.562872
173.698 22.4846
189.551 14.9295
112.635 19.2881
124.891 7.73058
     122 -9.20194
 170.512 -19.8502
143.958 5.10284
 163.367 -9.35349
 165.713 -17.8132
 101.715 -4.58146
112.482  11.319
200.526  9.9728
152.539 20.1141
   118.474 -0.0790792
130.774 2.47503
  118.888 -0.705155
 104.217 -5.90349
 142.11 9.71834
85.4828 5.71637
94.6686 9.86484
 166.324 0.177429
 80.4786 -12.7646
110.117 14.5896
 143.316 -20.7136
168.269 33.5367
143.692 1.21425
183.334 20.8154
 140.248 -8.85401
71.7781 26.2356
136.402  20.692
167.149  1.1307
 131.514 -5.44945
 141.363 -9.43696
 113.807 -20.6732
 93.3194 -5.27469
  166.788 -0.252115
   117.536 -0.0206895
123.126  -8.779
196.313 10.2248
156.106 1.10315
179.865 21.0754
 121.758 -8.32945
 112.301 -1.60499
 168.462 -2.85273
185.595 7.30876
123.833 14.5399
80.4961 1.25408
 165.237 -2.90108
235.85 12.099
 108.994 -10.7172
73.9845 19.1331
132.093 10.6639
198.654 27.0927
111.705 12.9035
84.4034 5.73611
 159.989 0.674937
163.188 14.7121
 156.989 -14.0623
154.962 17.5225
 167.193 0.147852
146.485 9.67021
160.431 2.23572
 150.661 -3.80842
81.0199 3.35116
 90.5823 -13.6157
258.071 12.1019
125.182 17.3162
 190.882 -2.14323
146.854 17.8475
134.818 5.72836
 51.4817 0.649627
 125.35 28.1259
173.035 2.63745
164.785  14.332
171.929 27.5061
  127.458 -0.277412
 111.129 -8.46771
147.848 12.3454
 187.92 3.62563
 208.21 2.84706
185.645 7.31017
184.354 31.7808
 102.391 -34.8988
129.403 15.7276
 117.737 -12.6852
 192.428 -28.8101
131.382 19.2334
   188.647 -0.0891535
174.719 1.82643
 111.776 -12.3071
 83.7787 -7.41711
 180.411 -10.8519
153.134  2.1403
 71.395 7.03037
133.217 14.3061
124.038 28.9169
  200.42 -8.63918
  118.04 -7.89804
 156.343 0.353588
 158.809 -5.41407
 159.367 0.628978
141.799  19.702
 114.445 -13.9538
 178.878 -24.5157
 151.44 -11.264
 107.49 7.13688
