Frequency 220
0	0
0.000833333	9135.45
0.00166667	7431.45
0.0025	-3090.16
0.00333333	-9945.22
0.00416667	-5000.01
0.005	5877.84
0.00583333	9781.48
0.00666667	2079.13
0.0075	-8090.16
0.00833333	-8660.26
0.00916667	1045.27

Frequency 330
0	0
0.000833333	9876.88
0.00166667	-3090.16
0.0025	-8910.07
0.00333333	5877.84
0.00416667	7071.08
0.005	-8090.16
0.00583333	-4539.92
0.00666667	9510.56
0.0075	1564.36
0.00833333	-10000
0.00916667	1564.32

Frequency 440
0	0
0.000833333	7431.45
0.00166667	-9945.22
0.0025	5877.84
0.00333333	2079.13
0.00416667	-8660.26
0.005	9510.56
0.00583333	-4067.35
0.00666667	-4067.39
0.0075	9510.57
0.00833333	-8660.24
0.00916667	2079.08

Frequency 600
0	0
0.000833333	0.00577518
0.00166667	-0.0115504
0.0025	0.0217143
0.00333333	-0.0231007
0.00416667	0.0244872
0.005	-0.0258736
0.00583333	0.02726
0.00666667	-0.0286464
0.0075	0.0300329
0.00833333	-0.0489743
0.00916667	0.0503607

