20 0
16.9897 0
15.2288 0
13.9794 0
13.0103 0
12.2185 0
11.549 0
10.9691 0
10.4576 1e-06
10.4576 1e-06
10 8e-06
9.58607 1e-05
9.20819 2.4e-05
8.53872 7.1e-05
8.23909 0.000129
7.9588 0.000196
7.69551 0.000329
7.44727 0.000407
7.21246 0.000608
6.9897 0.000789
6.77781 0.001011
6.57577 0.001291
6.38272 0.001629
6.19789 0.001964
6.0206 0.002378
5.85027 0.002893
5.68636 0.003233
5.52842 0.003725
5.37602 0.00434
5.22879 0.00489
5.08638 0.005466
4.9485 0.006249
4.81486 0.006949
4.68521 0.007585
4.55932 0.008423
4.43697 0.009081
4.31798 0.010068
4.20216 0.010858
4.08935 0.011633
3.9794 0.012695
3.87216 0.013453
3.76751 0.014471
3.66532 0.015804
3.56547 0.016626
3.46787 0.01749
3.37242 0.018432
3.27902 0.019671
3.18759 0.020651
3.09804 0.021743
3.0103 0.022851
2.9243 0.023363
2.83997 0.024882
2.75724 0.025883
2.67606 0.027088
2.59637 0.027921
2.51812 0.029373
2.44125 0.030365
2.36572 0.031468
2.29148 0.032751
2.21849 0.034281
2.1467 0.035065
2.07608 0.036616
2.00659 0.03763
1.9382 0.038068
1.87087 0.039995
1.80456 0.04086
1.73925 0.04224
1.67491 0.043115
1.61151 0.044483
1.54902 0.04572
1.48742 0.046329
1.42668 0.047678
1.36677 0.048516
1.30768 0.050297
1.24939 0.051543
1.19186 0.052418
1.13509 0.053543
1.07905 0.05457
1.02373 0.055266
