20 0
16.9897 0
15.2288 0
13.9794 0
13.0103 0
12.2185 0
11.549 0
10.9691 0
10.4576 2e-06
10.4576 1e-06
10 3e-06
9.58607 2.1e-05
9.20819 2.6e-05
8.53872 8.7e-05
8.23909 0.000147
7.9588 0.00018
7.69551 0.000282
7.44727 0.000416
7.21246 0.000576
6.9897 0.000782
6.77781 0.001023
6.57577 0.001271
6.38272 0.001588
6.19789 0.001941
6.0206 0.00232
5.85027 0.002749
5.68636 0.00326
5.52842 0.003698
5.37602 0.004416
5.22879 0.004831
5.08638 0.005416
4.9485 0.00628
4.81486 0.006777
4.68521 0.007616
4.55932 0.008446
4.43697 0.009273
4.31798 0.009991
4.20216 0.010914
4.08935 0.011903
3.9794 0.012759
3.87216 0.013449
3.76751 0.014582
3.66532 0.015188
3.56547 0.016537
3.46787 0.017461
3.37242 0.018462
3.27902 0.019424
3.18759 0.020491
3.09804 0.021539
3.0103 0.02266
2.9243 0.023969
2.83997 0.024909
2.75724 0.025967
2.67606 0.027204
2.59637 0.028178
2.51812 0.029897
2.44125 0.030176
2.36572 0.031485
2.29148 0.032796
2.21849 0.033666
2.1467 0.035045
2.07608 0.036322
2.00659 0.037581
1.9382 0.038429
1.87087 0.039508
1.80456 0.040782
1.73925 0.041783
1.67491 0.042809
1.61151 0.044348
1.54902 0.045017
1.48742 0.046517
1.42668 0.047694
1.36677 0.049075
1.30768 0.050229
1.24939 0.0514
1.19186 0.052623
1.13509 0.053708
1.07905 0.054767
1.02373 0.055917
0.9691 0.057188
0.91515 0.058062
0.861861 0.059287
0.809219 0.060305
0.757207 0.061235
0.705811 0.062703
0.655015 0.063283
0.604807 0.064703
0.555173 0.065645
0.5061 0.067241
0.457575 0.067946
0.409586 0.069044
0.362122 0.070303
0.315171 0.070997
0.268721 0.072325
0.222764 0.073033
0.177288 0.074228
0.132283 0.075325
0.0877392 0.076552
0.0436481 0.077859
0 0.079068