30 0
19.5861 1.2e-05
16.7778 0.00077
15.0864 0.004185
13.8722 0.010382
12.9243 0.017767
12.1467 0.026403
11.4874 0.034863
10.9151 0.043103
10.4096 0.051554
9.95679 0.060242
9.54677 0.067133
9.17215 0.074378
8.82729 0.08151
8.50781 0.087579
8.21023 0.093798
7.93174 0.099802
7.67004 0.105069
7.42321 0.109934
7.18967 0.115633
6.96804 0.12028
6.75718 0.124676
6.55608 0.129768
6.36388 0.133691
6.17983 0.137386
6.00326 0.141553
5.83359 0.145146
5.67031 0.148987
5.51294 0.152151
5.36107 0.156044
5.21434 0.159429
5.0724 0.162667
4.93495 0.16593
4.80172 0.168997
4.67246 0.172387
4.54693 0.175121
4.42493 0.178542
4.30626 0.180342
4.19075 0.183087
4.07823 0.186525
3.96856 0.188546
3.86158 0.191471
3.75718 0.19369
3.65523 0.196064
3.55561 0.198394
3.45823 0.200902
3.36299 0.202717
3.26979 0.205459
3.18759 0.207792
3.09804 0.210013
3.0103 0.211826
2.9243 0.213711
2.83997 0.216059
2.75724 0.218257
2.67606 0.220258
2.59637 0.222435
2.51812 0.224316
2.44125 0.225913
2.36572 0.228446
2.29148 0.229756
2.21849 0.231671
2.1467 0.232926
2.07608 0.235322
2.00659 0.237025
1.9382 0.238799
1.87087 0.240829
1.80456 0.241898
1.73925 0.243368
1.67491 0.245048
1.61151 0.247042
1.54902 0.248532
1.48742 0.249955
1.42668 0.251503
1.36677 0.253522
1.30768 0.254331
1.24939 0.256127
1.19186 0.258465
1.13509 0.258885
1.07905 0.26006
1.02373 0.261176
0.9691 0.263153
0.91515 0.26514
0.861861 0.265623
0.809219 0.26719
0.757207 0.268491
0.705811 0.269877
0.655015 0.270546
0.604807 0.272341
0.555173 0.273908
0.5061 0.275089
0.457575 0.276506
0.409586 0.276815
0.362122 0.278502
0.315171 0.279693
0.268721 0.280541
0.222764 0.282496
0.177288 0.282957
0.132283 0.284501
0.0877392 0.285005
0.0436481 0.28649
0 0.28735
