3.26795e-05
3.26795e-05
3.26795e-05
3.26795e-05
3.26795e-05
3.26795e-05
3.92154e-05
3.26795e-05
3.26795e-05
3.26795e-05
1.96077e-05
3.26794e-05
3.26795e-05
3.26795e-05
3.92154e-05
3.26795e-05
3.26795e-05
3.26795e-05
3.26795e-05
3.26795e-05
3.26795e-05
3.26795e-05
6.53589e-05
3.26794e-05
3.26795e-05
3.26795e-05
1.96077e-05
3.26794e-05
3.26795e-05
3.26795e-05
3.92154e-05
3.26795e-05
3.26795e-05
3.26795e-05
3.26795e-05
3.26795e-05
3.26795e-05
3.26795e-05
3.92154e-05
3.26795e-05
3.26795e-05
3.26795e-05
1.96077e-05
3.26794e-05
3.26795e-05
3.26795e-05
3.92154e-05
3.26795e-05
3.26795e-05
3.26795e-05
3.26795e-05
3.26795e-05
3.26796e-05
3.26796e-05
0.000117646
3.26793e-05
3.26794e-05
3.26794e-05
1.96076e-05
3.26794e-05
3.26794e-05
3.26795e-05
3.92153e-05
3.26794e-05
3.26795e-05
3.26795e-05
3.26795e-05
3.26795e-05
3.26795e-05
3.26795e-05
3.92154e-05
3.26795e-05
3.26795e-05
3.26795e-05
1.96077e-05
3.26794e-05
3.26795e-05
3.26795e-05
3.92153e-05
3.26795e-05
3.26795e-05
3.26795e-05
3.26795e-05
3.26795e-05
3.26795e-05
3.26795e-05
6.53589e-05
3.26794e-05
3.26795e-05
3.26795e-05
1.96076e-05
3.26794e-05
3.26795e-05
3.26795e-05
3.92153e-05
3.26794e-05
3.26795e-05
3.26795e-05
3.26795e-05
3.26795e-05
3.26795e-05
3.26795e-05
3.92154e-05
3.26795e-05
3.26795e-05
3.26795e-05
1.96077e-05
3.26795e-05
3.26795e-05
3.26795e-05
3.92154e-05
3.26795e-05
3.26795e-05
3.26795e-05
3.26796e-05
3.26796e-05
3.26797e-05
3.26799e-05
0.00022222
3.26791e-05
3.26793e-05
3.26794e-05
1.96075e-05
3.26794e-05
3.26794e-05
3.26794e-05
3.92153e-05
3.26794e-05
3.26795e-05
3.26795e-05
3.26795e-05
3.26795e-05
3.26795e-05
3.26795e-05
3.92153e-05
3.26794e-05
3.26795e-05
3.26795e-05
1.96076e-05
3.26794e-05
3.26795e-05
3.26795e-05
3.92153e-05
3.26794e-05
3.26795e-05
3.26795e-05
3.26795e-05
3.26795e-05
3.26795e-05
3.26795e-05
6.53588e-05
3.26794e-05
3.26794e-05
3.26795e-05
1.96076e-05
3.26794e-05
3.26794e-05
3.26795e-05
3.92153e-05
3.26794e-05
3.26795e-05
3.26795e-05
3.26794e-05
3.26795e-05
3.26795e-05
3.26795e-05
3.92153e-05
3.26794e-05
3.26795e-05
3.26795e-05
1.96076e-05
3.26794e-05
3.26795e-05
3.26795e-05
3.92153e-05
3.26794e-05
3.26795e-05
3.26795e-05
3.26795e-05
3.26795e-05
3.26795e-05
3.26796e-05
0.000117646
3.26793e-05
3.26794e-05
3.26794e-05
1.96075e-05
3.26794e-05
3.26794e-05
3.26794e-05
3.92153e-05
3.26794e-05
3.26795e-05
3.26795e-05
3.26794e-05
3.26795e-05
3.26795e-05
3.26795e-05
3.92153e-05
3.26794e-05
3.26795e-05
3.26795e-05
1.96076e-05
3.26794e-05
3.26795e-05
3.26795e-05
3.92153e-05
3.26794e-05
3.26795e-05
3.26795e-05
3.26795e-05
3.26795e-05
3.26795e-05
3.26795e-05
6.53587e-05
3.26794e-05
3.26794e-05
3.26795e-05
1.96076e-05
3.26794e-05
3.26794e-05
3.26795e-05
3.92153e-05
3.26794e-05
3.26795e-05
3.26795e-05
3.26795e-05
3.26795e-05
3.26795e-05
3.26795e-05
3.92153e-05
3.26795e-05
3.26795e-05
3.26795e-05
1.96076e-05
3.26795e-05
3.26795e-05
3.26795e-05
3.92154e-05
3.26795e-05
3.26796e-05
3.26796e-05
3.26796e-05
3.26797e-05
3.26799e-05
3.26803e-05
0.000431366
3.26786e-05
3.26791e-05
3.26792e-05
1.96073e-05
3.26793e-05
3.26793e-05
3.26793e-05
3.92151e-05
3.26794e-05
3.26795e-05
3.26795e-05
3.26794e-05
3.26794e-05
3.26795e-05
3.26795e-05
3.92152e-05
3.26794e-05
3.26795e-05
3.26795e-05
1.96075e-05
3.26794e-05
3.26794e-05
3.26794e-05
3.92152e-05
3.26794e-05
3.26795e-05
3.26794e-05
3.26794e-05
3.26794e-05
3.26795e-05
3.26795e-05
6.53586e-05
3.26793e-05
3.26794e-05
3.26794e-05
1.96075e-05
3.26794e-05
3.26794e-05
3.26794e-05
3.92152e-05
3.26794e-05
3.26794e-05
3.26794e-05
3.26794e-05
3.26794e-05
3.26794e-05
3.26794e-05
3.92152e-05
3.26794e-05
3.26794e-05
3.26794e-05
1.96075e-05
3.26794e-05
3.26794e-05
3.26794e-05
3.92152e-05
3.26794e-05
3.26795e-05
3.26794e-05
3.26794e-05
3.26794e-05
3.26795e-05
3.26796e-05
0.000117645
3.26792e-05
3.26793e-05
3.26794e-05
1.96074e-05
3.26793e-05
3.26794e-05
3.26794e-05
3.92151e-05
3.26793e-05
3.26794e-05
3.26794e-05
3.26794e-05
3.26794e-05
3.26794e-05
3.26794e-05
3.92152e-05
3.26794e-05
3.26794e-05
3.26794e-05
1.96074e-05
3.26793e-05
3.26794e-05
3.26794e-05
3.92151e-05
3.26793e-05
3.26794e-05
3.26794e-05
3.26793e-05
3.26794e-05
3.26794e-05
3.26794e-05
6.53583e-05
3.26793e-05
3.26794e-05
3.26794e-05
1.96074e-05
3.26793e-05
3.26794e-05
3.26794e-05
3.92151e-05
3.26793e-05
3.26794e-05
3.26794e-05
3.26793e-05
3.26794e-05
3.26794e-05
3.26794e-05
3.92151e-05
3.26793e-05
3.26794e-05
3.26794e-05
1.96074e-05
3.26793e-05
3.26794e-05
3.26794e-05
3.92151e-05
3.26793e-05
3.26794e-05
3.26794e-05
3.26794e-05
3.26794e-05
3.26795e-05
3.26797e-05
0.000222216
3.26789e-05
3.26792e-05
3.26792e-05
1.96072e-05
3.26792e-05
3.26793e-05
3.26793e-05
3.92149e-05
3.26792e-05
3.26794e-05
3.26794e-05
3.26793e-05
3.26793e-05
3.26794e-05
3.26794e-05
3.9215e-05
3.26793e-05
3.26794e-05
3.26794e-05
1.96073e-05
3.26793e-05
3.26793e-05
3.26793e-05
3.92149e-05
3.26792e-05
3.26794e-05
3.26793e-05
3.26792e-05
3.26793e-05
3.26793e-05
3.26793e-05
6.53578e-05
3.26792e-05
3.26793e-05
3.26793e-05
1.96071e-05
3.26792e-05
3.26792e-05
3.26792e-05
3.92148e-05
3.26792e-05
3.26793e-05
3.26793e-05
3.26791e-05
3.26792e-05
3.26793e-05
3.26793e-05
3.92148e-05
3.26792e-05
3.26793e-05
3.26792e-05
1.9607e-05
3.26791e-05
3.26792e-05
3.26792e-05
3.92147e-05
3.26791e-05
3.26793e-05
3.26792e-05
3.2679e-05
3.26792e-05
3.26792e-05
3.26793e-05
0.000117642
3.26789e-05
3.26791e-05
3.26791e-05
1.96068e-05
3.2679e-05
3.2679e-05
3.2679e-05
3.92143e-05
3.26789e-05
3.26792e-05
3.26791e-05
3.26789e-05
3.2679e-05
3.26791e-05
3.2679e-05
3.92143e-05
3.26789e-05
3.26791e-05
3.2679e-05
1.96065e-05
3.26788e-05
3.26789e-05
3.26788e-05
3.9214e-05
3.26787e-05
3.26789e-05
3.26788e-05
3.26785e-05
3.26787e-05
3.26788e-05
3.26787e-05
6.5355e-05
3.26784e-05
3.26786e-05
3.26785e-05
1.96058e-05
3.26783e-05
3.26783e-05
3.26782e-05
3.92128e-05
3.26779e-05
3.26784e-05
3.26782e-05
3.26775e-05
3.26778e-05
3.26779e-05
3.26776e-05
3.92116e-05
3.26771e-05
3.26773e-05
3.26769e-05
1.96033e-05
3.26761e-05
3.2676e-05
3.26753e-05
3.9207e-05
3.26736e-05
3.26736e-05
3.26718e-05
3.26673e-05
3.26654e-05
3.26589e-05
3.26353e-05
-0.0217384
3.27277e-05
3.27027e-05
3.2696e-05
1.96213e-05
3.26904e-05
3.26888e-05
3.26879e-05
3.92263e-05
3.26868e-05
3.26864e-05
3.26865e-05
3.26864e-05
3.26869e-05
3.26876e-05
3.26883e-05
3.92255e-05
3.26917e-05
3.26981e-05
3.27129e-05
-0.0150391
3.26518e-05
3.26655e-05
3.26714e-05
3.92121e-05
3.26756e-05
3.26754e-05
3.26764e-05
3.2678e-05
3.26776e-05
3.26777e-05
3.26782e-05
6.5361e-05
3.26785e-05
3.26783e-05
3.26787e-05
1.9609e-05
3.26789e-05
3.26789e-05
3.26791e-05
3.92159e-05
3.26793e-05
3.26789e-05
3.2679e-05
3.26795e-05
3.26792e-05
3.26791e-05
3.26793e-05
3.92159e-05
3.26794e-05
3.26792e-05
3.26793e-05
1.96086e-05
3.26794e-05
3.26794e-05
3.26795e-05
3.9216e-05
3.26795e-05
3.26793e-05
3.26794e-05
3.26797e-05
3.26795e-05
3.26795e-05
3.26797e-05
0.00011765
3.26794e-05
3.26794e-05
3.26795e-05
1.96084e-05
3.26795e-05
3.26795e-05
3.26796e-05
3.92159e-05
3.26796e-05
3.26794e-05
3.26794e-05
3.26796e-05
3.26795e-05
3.26794e-05
3.26795e-05
3.92158e-05
3.26795e-05
3.26794e-05
3.26795e-05
1.96082e-05
3.26795e-05
3.26795e-05
3.26796e-05
3.92158e-05
3.26796e-05
3.26795e-05
3.26795e-05
3.26797e-05
3.26796e-05
3.26795e-05
3.26796e-05
6.53601e-05
3.26795e-05
3.26795e-05
3.26796e-05
1.96082e-05
3.26795e-05
3.26795e-05
3.26796e-05
3.92158e-05
3.26796e-05
3.26795e-05
3.26795e-05
3.26797e-05
3.26796e-05
3.26795e-05
3.26796e-05
3.92158e-05
3.26796e-05
3.26795e-05
3.26796e-05
1.96081e-05
3.26796e-05
3.26796e-05
3.26796e-05
3.92158e-05
3.26796e-05
3.26796e-05
3.26796e-05
3.26798e-05
3.26797e-05
3.26797e-05
3.268e-05
0.000222224
3.26792e-05
3.26794e-05
3.26795e-05
1.96079e-05
3.26795e-05
3.26795e-05
3.26796e-05
3.92157e-05
3.26796e-05
3.26795e-05
3.26795e-05
3.26796e-05
3.26795e-05
3.26795e-05
3.26795e-05
3.92156e-05
3.26795e-05
3.26795e-05
3.26795e-05
1.9608e-05
3.26795e-05
3.26795e-05
3.26795e-05
3.92156e-05
3.26795e-05
3.26795e-05
3.26795e-05
3.26796e-05
3.26795e-05
3.26795e-05
3.26796e-05
6.53596e-05
3.26795e-05
3.26795e-05
3.26795e-05
1.9608e-05
3.26795e-05
3.26795e-05
3.26796e-05
3.92156e-05
3.26796e-05
3.26795e-05
3.26795e-05
3.26796e-05
3.26795e-05
3.26795e-05
3.26796e-05
3.92156e-05
3.26795e-05
3.26795e-05
3.26796e-05
1.9608e-05
3.26795e-05
3.26795e-05
3.26796e-05
3.92156e-05
3.26796e-05
3.26795e-05
3.26796e-05
3.26797e-05
3.26796e-05
3.26796e-05
3.26797e-05
0.000117647
3.26794e-05
3.26795e-05
3.26795e-05
1.96079e-05
3.26795e-05
3.26795e-05
3.26796e-05
3.92156e-05
3.26796e-05
3.26795e-05
3.26795e-05
3.26796e-05
3.26795e-05
3.26795e-05
3.26796e-05
3.92156e-05
3.26795e-05
3.26795e-05
3.26796e-05
1.96079e-05
3.26795e-05
3.26795e-05
3.26796e-05
3.92156e-05
3.26796e-05
3.26795e-05
3.26796e-05
3.26796e-05
3.26796e-05
3.26796e-05
3.26796e-05
6.53595e-05
3.26795e-05
3.26795e-05
3.26796e-05
1.96079e-05
3.26795e-05
3.26796e-05
3.26796e-05
3.92156e-05
3.26796e-05
3.26796e-05
3.26796e-05
3.26796e-05
3.26796e-05
3.26796e-05
3.26796e-05
3.92156e-05
3.26796e-05
3.26796e-05
3.26796e-05
1.96079e-05
3.26796e-05
3.26796e-05
3.26797e-05
3.92157e-05
3.26797e-05
3.26797e-05
3.26797e-05
3.26798e-05
3.26798e-05
3.268e-05
3.26804e-05
0.000431373
3.26788e-05
3.26792e-05
3.26793e-05
1.96076e-05
3.26794e-05
3.26794e-05
3.26795e-05
3.92154e-05
3.26795e-05
3.26795e-05
3.26795e-05
3.26795e-05
3.26795e-05
3.26795e-05
3.26795e-05
3.92155e-05
3.26795e-05
3.26795e-05
3.26795e-05
1.96078e-05
3.26795e-05
3.26795e-05
3.26795e-05
3.92155e-05
3.26795e-05
3.26795e-05
3.26795e-05
3.26796e-05
3.26795e-05
3.26795e-05
3.26796e-05
6.53593e-05
3.26794e-05
3.26795e-05
3.26795e-05
1.96078e-05
3.26795e-05
3.26795e-05
3.26795e-05
3.92155e-05
3.26795e-05
3.26795e-05
3.26795e-05
3.26795e-05
3.26795e-05
3.26795e-05
3.26795e-05
3.92155e-05
3.26795e-05
3.26795e-05
3.26795e-05
1.96078e-05
3.26795e-05
3.26795e-05
3.26795e-05
3.92155e-05
3.26795e-05
3.26795e-05
3.26795e-05
3.26796e-05
3.26796e-05
3.26796e-05
3.26797e-05
0.000117647
3.26793e-05
3.26794e-05
3.26795e-05
1.96077e-05
3.26795e-05
3.26795e-05
3.26795e-05
3.92155e-05
3.26795e-05
3.26795e-05
3.26795e-05
3.26795e-05
3.26795e-05
3.26795e-05
3.26795e-05
3.92155e-05
3.26795e-05
3.26795e-05
3.26795e-05
1.96078e-05
3.26795e-05
3.26795e-05
3.26795e-05
3.92155e-05
3.26795e-05
3.26795e-05
3.26795e-05
3.26796e-05
3.26795e-05
3.26795e-05
3.26796e-05
6.53592e-05
3.26795e-05
3.26795e-05
3.26795e-05
1.96078e-05
3.26795e-05
3.26795e-05
3.26795e-05
3.92155e-05
3.26795e-05
3.26795e-05
3.26795e-05
3.26796e-05
3.26795e-05
3.26795e-05
3.26795e-05
3.92155e-05
3.26795e-05
3.26795e-05
3.26796e-05
1.96078e-05
3.26795e-05
3.26795e-05
3.26796e-05
3.92155e-05
3.26796e-05
3.26796e-05
3.26796e-05
3.26797e-05
3.26796e-05
3.26797e-05
3.26799e-05
0.000222221
3.26791e-05
3.26793e-05
3.26794e-05
1.96076e-05
3.26794e-05
3.26795e-05
3.26795e-05
3.92154e-05
3.26795e-05
3.26795e-05
3.26795e-05
3.26795e-05
3.26795e-05
3.26795e-05
3.26795e-05
3.92154e-05
3.26795e-05
3.26795e-05
3.26795e-05
1.96078e-05
3.26795e-05
3.26795e-05
3.26795e-05
3.92154e-05
3.26795e-05
3.26795e-05
3.26795e-05
3.26795e-05
3.26795e-05
3.26795e-05
3.26796e-05
6.53591e-05
3.26794e-05
3.26795e-05
3.26795e-05
1.96077e-05
3.26795e-05
3.26795e-05
3.26795e-05
3.92154e-05
3.26795e-05
3.26795e-05
3.26795e-05
3.26795e-05
3.26795e-05
3.26795e-05
3.26795e-05
3.92155e-05
3.26795e-05
3.26795e-05
3.26795e-05
1.96078e-05
3.26795e-05
3.26795e-05
3.26795e-05
3.92155e-05
3.26795e-05
3.26795e-05
3.26796e-05
3.26796e-05
3.26796e-05
3.26796e-05
3.26797e-05
0.000117646
3.26793e-05
3.26794e-05
3.26795e-05
1.96077e-05
3.26795e-05
3.26795e-05
3.26795e-05
3.92154e-05
3.26795e-05
3.26795e-05
3.26795e-05
3.26795e-05
3.26795e-05
3.26795e-05
3.26795e-05
3.92155e-05
3.26795e-05
3.26795e-05
3.26796e-05
1.96077e-05
3.26795e-05
3.26795e-05
3.26795e-05
3.92155e-05
3.26795e-05
3.26795e-05
3.26796e-05
3.26796e-05
3.26796e-05
3.26796e-05
3.26796e-05
6.53592e-05
3.26795e-05
3.26795e-05
3.26796e-05
1.96077e-05
3.26795e-05
3.26796e-05
3.26796e-05
3.92155e-05
3.26796e-05
3.26796e-05
3.26796e-05
3.26796e-05
3.26796e-05
3.26796e-05
3.26796e-05
3.92156e-05
3.26796e-05
3.26796e-05
3.26797e-05
1.96079e-05
3.26796e-05
3.26797e-05
3.26797e-05
3.92158e-05
3.26798e-05
3.26798e-05
3.26799e-05
3.268e-05
3.26801e-05
3.26804e-05
3.26813e-05
0.000849667
3.26779e-05
3.26787e-05
3.2679e-05
1.96072e-05
3.26792e-05
3.26793e-05
3.26794e-05
3.92152e-05
3.26794e-05
