3.26623e-05
3.26622e-05
3.2662e-05
3.26619e-05
3.26617e-05
3.26616e-05
3.26615e-05
3.26613e-05
3.26612e-05
3.26611e-05
3.26609e-05
3.26608e-05
3.26606e-05
3.26605e-05
3.26603e-05
3.26602e-05
3.266e-05
3.26599e-05
3.26598e-05
3.26596e-05
3.26595e-05
3.26593e-05
3.26592e-05
3.2659e-05
3.26588e-05
3.26587e-05
3.26585e-05
3.26584e-05
3.26582e-05
3.26581e-05
3.26579e-05
3.26578e-05
3.26576e-05
3.26574e-05
3.26573e-05
3.26571e-05
3.26569e-05
3.26568e-05
3.26566e-05
3.26565e-05
3.26563e-05
3.26561e-05
3.26559e-05
3.26558e-05
3.26556e-05
3.26554e-05
3.26553e-05
3.26551e-05
3.26549e-05
3.26547e-05
3.26546e-05
3.26544e-05
3.26542e-05
3.2654e-05
3.26538e-05
3.26537e-05
3.26535e-05
3.26533e-05
3.26531e-05
3.26529e-05
3.26527e-05
3.26525e-05
3.26523e-05
3.26522e-05
3.2652e-05
3.26518e-05
3.26516e-05
3.26514e-05
3.26512e-05
3.2651e-05
3.26508e-05
3.26506e-05
3.26504e-05
3.26502e-05
3.265e-05
3.26498e-05
3.26496e-05
3.26494e-05
3.26491e-05
3.26489e-05
3.26487e-05
3.26485e-05
3.26483e-05
3.26481e-05
3.26479e-05
3.26476e-05
3.26474e-05
3.26472e-05
3.2647e-05
3.26467e-05
3.26465e-05
3.26463e-05
3.26461e-05
3.26458e-05
3.26456e-05
3.26454e-05
3.26451e-05
3.26449e-05
3.26446e-05
3.26444e-05
3.26442e-05
3.26439e-05
3.26437e-05
3.26434e-05
3.26432e-05
3.26429e-05
3.26427e-05
3.26424e-05
3.26422e-05
3.26419e-05
3.26416e-05
3.26414e-05
3.26412e-05
3.26409e-05
3.26406e-05
3.26403e-05
3.26401e-05
3.26398e-05
3.26395e-05
3.26392e-05
3.2639e-05
3.26387e-05
3.26384e-05
3.26381e-05
3.26378e-05
3.26375e-05
3.26373e-05
3.2637e-05
3.26367e-05
3.26364e-05
3.26361e-05
3.26358e-05
3.26355e-05
3.26352e-05
3.26349e-05
3.26346e-05
3.26342e-05
3.26339e-05
3.26336e-05
3.26333e-05
3.2633e-05
3.26327e-05
3.26323e-05
3.2632e-05
3.26317e-05
3.26313e-05
3.2631e-05
3.26307e-05
3.26303e-05
3.263e-05
3.26296e-05
3.26293e-05
3.26289e-05
3.26286e-05
3.26282e-05
3.26279e-05
3.26275e-05
3.26271e-05
3.26268e-05
3.26264e-05
3.2626e-05
3.26257e-05
3.26253e-05
3.26249e-05
3.26245e-05
3.26241e-05
3.26237e-05
3.26233e-05
3.26229e-05
3.26225e-05
3.26221e-05
3.26217e-05
3.26213e-05
3.26209e-05
3.26205e-05
3.26201e-05
3.26196e-05
3.26192e-05
3.26188e-05
3.26183e-05
3.26179e-05
3.26175e-05
3.2617e-05
3.26166e-05
3.26161e-05
3.26157e-05
3.26152e-05
3.26147e-05
3.26143e-05
3.26138e-05
3.26133e-05
3.26128e-05
3.26123e-05
3.26118e-05
3.26113e-05
3.26108e-05
3.26103e-05
3.26098e-05
3.26093e-05
3.26088e-05
3.26083e-05
3.26078e-05
3.26072e-05
3.26067e-05
3.26061e-05
3.26056e-05
3.2605e-05
3.26045e-05
3.26039e-05
3.26034e-05
3.26028e-05
3.26022e-05
3.26016e-05
3.2601e-05
3.26004e-05
3.25998e-05
3.25992e-05
3.25986e-05
3.2598e-05
3.25974e-05
3.25967e-05
3.25961e-05
3.25955e-05
3.25948e-05
3.25942e-05
3.25935e-05
3.25928e-05
3.25922e-05
3.25915e-05
3.25908e-05
3.25901e-05
3.25894e-05
3.25887e-05
3.2588e-05
3.25872e-05
3.25865e-05
3.25858e-05
3.2585e-05
3.25843e-05
3.25835e-05
3.25828e-05
3.25819e-05
3.25812e-05
3.25804e-05
3.25796e-05
3.25787e-05
3.25779e-05
3.25771e-05
3.25763e-05
3.25754e-05
3.25745e-05
3.25737e-05
3.25728e-05
3.25719e-05
3.2571e-05
3.25701e-05
3.25692e-05
3.25683e-05
3.25673e-05
3.25664e-05
3.25654e-05
3.25644e-05
3.25634e-05
3.25625e-05
3.25615e-05
3.25605e-05
3.25594e-05
3.25584e-05
3.25573e-05
3.25563e-05
3.25552e-05
3.25541e-05
3.2553e-05
3.25519e-05
3.25507e-05
3.25496e-05
3.25484e-05
3.25473e-05
3.25461e-05
3.25449e-05
3.25437e-05
3.25424e-05
3.25412e-05
3.25399e-05
3.25386e-05
3.25373e-05
3.2536e-05
3.25347e-05
3.25333e-05
3.2532e-05
3.25306e-05
3.25292e-05
3.25278e-05
3.25263e-05
3.25249e-05
3.25234e-05
3.25219e-05
3.25204e-05
3.25188e-05
3.25173e-05
3.25157e-05
3.25141e-05
3.25125e-05
3.25108e-05
3.25091e-05
3.25074e-05
3.25057e-05
3.2504e-05
3.25022e-05
3.25004e-05
3.24986e-05
3.24967e-05
3.24948e-05
3.24929e-05
3.2491e-05
3.2489e-05
3.24871e-05
3.2485e-05
3.2483e-05
3.24809e-05
3.24788e-05
3.24766e-05
3.24745e-05
3.24722e-05
3.247e-05
3.24677e-05
3.24654e-05
3.2463e-05
3.24606e-05
3.24582e-05
3.24557e-05
3.24532e-05
3.24506e-05
3.2448e-05
3.24454e-05
3.24427e-05
3.244e-05
3.24372e-05
3.24344e-05
3.24315e-05
3.24286e-05
3.24256e-05
3.24226e-05
3.24195e-05
3.24164e-05
3.24132e-05
3.24099e-05
3.24066e-05
3.24033e-05
3.23998e-05
3.23963e-05
3.23928e-05
3.23892e-05
3.23855e-05
3.23817e-05
3.23779e-05
3.2374e-05
3.237e-05
3.2366e-05
3.23618e-05
3.23576e-05
3.23533e-05
3.23489e-05
3.23444e-05
3.23399e-05
3.23352e-05
3.23305e-05
3.23256e-05
3.23207e-05
3.23156e-05
3.23105e-05
3.23052e-05
3.22998e-05
3.22943e-05
3.22887e-05
3.2283e-05
3.22771e-05
3.22711e-05
3.2265e-05
3.22587e-05
3.22523e-05
3.22457e-05
3.2239e-05
3.22321e-05
3.22251e-05
3.22179e-05
3.22105e-05
3.2203e-05
3.21953e-05
3.21873e-05
3.21792e-05
3.21709e-05
3.21624e-05
3.21536e-05
3.21447e-05
3.21355e-05
3.2126e-05
3.21163e-05
3.21064e-05
3.20962e-05
3.20857e-05
3.20749e-05
3.20638e-05
3.20525e-05
3.20408e-05
3.20287e-05
3.20164e-05
3.20036e-05
3.19905e-05
3.1977e-05
3.19632e-05
3.19488e-05
3.19341e-05
3.19189e-05
3.19032e-05
3.18871e-05
3.18704e-05
3.18532e-05
3.18354e-05
3.18171e-05
3.17981e-05
3.17785e-05
3.17583e-05
3.17373e-05
3.17156e-05
3.16932e-05
3.16699e-05
3.16458e-05
3.16209e-05
3.1595e-05
3.15681e-05
3.15402e-05
3.15113e-05
3.14812e-05
3.145e-05
3.14174e-05
3.13836e-05
3.13484e-05
3.13117e-05
3.12734e-05
3.12335e-05
3.11919e-05
3.11484e-05
3.1103e-05
3.10555e-05
3.10058e-05
3.09537e-05
3.08992e-05
3.0842e-05
3.07819e-05
3.07189e-05
3.06526e-05
3.05828e-05
3.05093e-05
3.04318e-05
3.03501e-05
3.02637e-05
3.01724e-05
3.00757e-05
2.99732e-05
2.98645e-05
2.9749e-05
2.9626e-05
2.94951e-05
2.93554e-05
2.92061e-05
2.90464e-05
2.88751e-05
2.86912e-05
2.84933e-05
2.828e-05
2.80496e-05
2.78002e-05
2.75296e-05
2.72352e-05
2.69141e-05
2.65629e-05
2.61776e-05
2.57535e-05
2.52851e-05
2.47658e-05
2.41877e-05
2.35411e-05
2.28145e-05
2.19934e-05
2.10601e-05
1.99922e-05
1.8761e-05
1.73295e-05
1.56493e-05
1.36551e-05
1.12579e-05
8.33218e-06
4.69619e-06
7.63303e-08
-5.95855e-06
-1.41288e-05
-2.57332e-05
-4.33736e-05
-7.31259e-05
-0.000133228
-0.000314883
-1.7133
0.000416959
0.000235465
0.000175812
0.000146733
0.000130002
0.000119572
0.000112886
0.000108707
0.000106403
3.26864e-05
3.26865e-05
3.26865e-05
3.26864e-05
3.26864e-05
3.26864e-05
3.26865e-05
3.26865e-05
3.26864e-05
3.26864e-05
3.26864e-05
3.26864e-05
3.26864e-05
3.26864e-05
3.26864e-05
3.26864e-05
3.26864e-05
3.26864e-05
3.26864e-05
3.26864e-05
3.26864e-05
3.26864e-05
3.26864e-05
3.26864e-05
3.26864e-05
3.26864e-05
3.26864e-05
3.26864e-05
3.26864e-05
3.26864e-05
3.26864e-05
3.26864e-05
3.26864e-05
3.26864e-05
3.26864e-05
3.26864e-05
3.26864e-05
3.26864e-05
3.26864e-05
3.26863e-05
3.26863e-05
3.26863e-05
3.26863e-05
3.26863e-05
3.26863e-05
3.26863e-05
3.26863e-05
3.26863e-05
3.26863e-05
3.26863e-05
3.26863e-05
3.26863e-05
3.26863e-05
3.26863e-05
3.26863e-05
3.26863e-05
3.26862e-05
3.26862e-05
3.26862e-05
3.26862e-05
3.26862e-05
3.26862e-05
3.26862e-05
3.26862e-05
3.26862e-05
3.26862e-05
3.26862e-05
3.26862e-05
3.26861e-05
3.26861e-05
3.26861e-05
3.26861e-05
3.26861e-05
3.26861e-05
3.26861e-05
3.26861e-05
3.26861e-05
3.26861e-05
3.2686e-05
3.2686e-05
3.2686e-05
3.2686e-05
3.2686e-05
3.2686e-05
3.2686e-05
3.2686e-05
3.2686e-05
3.26859e-05
3.26859e-05
3.26859e-05
3.26859e-05
3.26859e-05
3.26859e-05
3.26859e-05
3.26859e-05
3.26859e-05
3.26858e-05
3.26858e-05
3.26858e-05
3.26858e-05
3.26858e-05
3.26858e-05
3.26858e-05
3.26857e-05
3.26857e-05
3.26857e-05
3.26857e-05
3.26857e-05
3.26857e-05
3.26857e-05
3.26856e-05
3.26856e-05
3.26856e-05
3.26856e-05
3.26856e-05
3.26856e-05
3.26856e-05
3.26855e-05
3.26855e-05
3.26855e-05
3.26855e-05
3.26855e-05
3.26855e-05
3.26854e-05
3.26854e-05
3.26854e-05
3.26854e-05
3.26854e-05
3.26854e-05
3.26853e-05
3.26853e-05
3.26853e-05
3.26853e-05
3.26853e-05
3.26852e-05
3.26852e-05
3.26852e-05
3.26852e-05
3.26852e-05
3.26852e-05
3.26851e-05
3.26851e-05
3.26851e-05
3.26851e-05
3.26851e-05
3.2685e-05
3.2685e-05
3.2685e-05
3.2685e-05
3.2685e-05
3.26849e-05
3.26849e-05
3.26849e-05
3.26849e-05
3.26848e-05
3.26848e-05
3.26848e-05
3.26848e-05
3.26848e-05
3.26847e-05
3.26847e-05
3.26847e-05
3.26847e-05
3.26847e-05
3.26846e-05
3.26846e-05
3.26846e-05
3.26846e-05
3.26845e-05
3.26845e-05
3.26845e-05
3.26845e-05
3.26844e-05
3.26844e-05
3.26844e-05
3.26844e-05
3.26844e-05
3.26843e-05
3.26843e-05
3.26843e-05
3.26843e-05
3.26842e-05
3.26842e-05
3.26842e-05
3.26842e-05
3.26841e-05
3.26841e-05
3.26841e-05
3.26841e-05
3.2684e-05
3.2684e-05
3.2684e-05
3.26839e-05
3.26839e-05
3.26839e-05
3.26839e-05
3.26838e-05
3.26838e-05
3.26838e-05
3.26837e-05
3.26837e-05
3.26837e-05
3.26837e-05
3.26836e-05
3.26836e-05
3.26836e-05
3.26835e-05
3.26835e-05
3.26835e-05
3.26834e-05
3.26834e-05
3.26834e-05
3.26834e-05
3.26833e-05
3.26833e-05
3.26833e-05
3.26832e-05
3.26832e-05
3.26832e-05
3.26831e-05
3.26831e-05
3.26831e-05
3.2683e-05
3.2683e-05
3.2683e-05
3.26829e-05
3.26829e-05
3.26829e-05
3.26828e-05
3.26828e-05
3.26828e-05
3.26827e-05
3.26827e-05
3.26827e-05
3.26826e-05
3.26826e-05
3.26826e-05
3.26825e-05
3.26825e-05
3.26825e-05
3.26824e-05
3.26824e-05
3.26823e-05
3.26823e-05
3.26823e-05
3.26822e-05
3.26822e-05
3.26822e-05
3.26821e-05
3.26821e-05
3.26821e-05
3.2682e-05
3.2682e-05
3.26819e-05
3.26819e-05
3.26819e-05
3.26818e-05
3.26818e-05
3.26818e-05
3.26817e-05
3.26817e-05
3.26816e-05
3.26816e-05
3.26816e-05
3.26815e-05
3.26815e-05
3.26814e-05
3.26814e-05
3.26814e-05
3.26813e-05
3.26813e-05
3.26812e-05
3.26812e-05
3.26811e-05
3.26811e-05
3.26811e-05
3.2681e-05
3.2681e-05
3.26809e-05
3.26809e-05
3.26808e-05
3.26808e-05
3.26807e-05
3.26807e-05
3.26807e-05
3.26806e-05
3.26806e-05
3.26805e-05
3.26805e-05
3.26804e-05
3.26804e-05
3.26803e-05
3.26803e-05
3.26803e-05
3.26802e-05
3.26802e-05
3.26801e-05
3.26801e-05
3.268e-05
3.268e-05
3.26799e-05
3.26799e-05
3.26798e-05
3.26798e-05
3.26797e-05
3.26797e-05
3.26796e-05
3.26796e-05
3.26795e-05
3.26795e-05
3.26794e-05
3.26794e-05
3.26793e-05
3.26793e-05
3.26792e-05
3.26792e-05
3.26791e-05
3.26791e-05
3.2679e-05
3.2679e-05
3.26789e-05
3.26789e-05
3.26788e-05
3.26788e-05
3.26787e-05
3.26786e-05
3.26786e-05
3.26785e-05
3.26785e-05
3.26784e-05
3.26784e-05
3.26783e-05
3.26783e-05
3.26782e-05
3.26781e-05
3.26781e-05
3.2678e-05
3.2678e-05
3.26779e-05
3.26779e-05
3.26778e-05
3.26777e-05
3.26777e-05
3.26776e-05
3.26776e-05
3.26775e-05
3.26774e-05
3.26774e-05
3.26773e-05
3.26773e-05
3.26772e-05
3.26771e-05
3.26771e-05
3.2677e-05
3.26769e-05
3.26769e-05
3.26768e-05
3.26768e-05
3.26767e-05
3.26766e-05
3.26766e-05
3.26765e-05
3.26764e-05
3.26764e-05
3.26763e-05
3.26763e-05
3.26762e-05
3.26761e-05
3.26761e-05
3.2676e-05
3.26759e-05
3.26759e-05
3.26758e-05
3.26757e-05
3.26757e-05
3.26756e-05
3.26755e-05
3.26754e-05
3.26754e-05
3.26753e-05
3.26752e-05
3.26752e-05
3.26751e-05
3.2675e-05
3.26749e-05
3.26749e-05
3.26748e-05
3.26747e-05
3.26747e-05
3.26746e-05
3.26745e-05
3.26744e-05
3.26744e-05
3.26743e-05
3.26742e-05
3.26741e-05
3.26741e-05
3.2674e-05
3.26739e-05
3.26738e-05
3.26738e-05
3.26737e-05
3.26736e-05
3.26735e-05
3.26734e-05
3.26734e-05
3.26733e-05
3.26732e-05
3.26731e-05
3.26731e-05
3.2673e-05
3.26729e-05
3.26728e-05
3.26727e-05
3.26727e-05
3.26726e-05
3.26725e-05
3.26724e-05
3.26723e-05
3.26722e-05
3.26722e-05
3.26721e-05
3.2672e-05
3.26719e-05
3.26718e-05
3.26717e-05
3.26716e-05
3.26715e-05
3.26715e-05
3.26714e-05
3.26713e-05
3.26712e-05
3.26711e-05
3.2671e-05
3.26709e-05
3.26708e-05
3.26707e-05
3.26706e-05
3.26706e-05
3.26705e-05
3.26704e-05
3.26703e-05
3.26702e-05
3.26701e-05
3.267e-05
3.26699e-05
3.26698e-05
3.26697e-05
3.26696e-05
3.26695e-05
3.26694e-05
3.26693e-05
3.26692e-05
3.26691e-05
3.2669e-05
3.26689e-05
3.26688e-05
3.26687e-05
3.26686e-05
3.26685e-05
3.26684e-05
3.26683e-05
3.26682e-05
3.26681e-05
3.2668e-05
3.26679e-05
3.26678e-05
3.26677e-05
3.26676e-05
3.26675e-05
3.26674e-05
3.26673e-05
3.26671e-05
3.2667e-05
3.26669e-05
3.26668e-05
3.26667e-05
3.26666e-05
3.26665e-05
3.26664e-05
3.26662e-05
3.26661e-05
3.2666e-05
3.26659e-05
3.26658e-05
3.26657e-05
3.26656e-05
3.26654e-05
3.26653e-05
3.26652e-05
3.26651e-05
3.2665e-05
3.26648e-05
3.26647e-05
3.26646e-05
3.26645e-05
3.26644e-05
3.26642e-05
3.26641e-05
3.2664e-05
3.26639e-05
3.26637e-05
3.26636e-05
3.26635e-05
3.26633e-05
3.26632e-05
3.26631e-05
3.2663e-05
3.26628e-05
3.26627e-05
3.26626e-05
3.26624e-05
