-3.26795e-05
0.306571
0.612021
0.915167
1.21487
1.51
1.79944
2.08212
2.35695
2.62292
2.87901
3.12427
3.35777
3.57863
3.78602
3.97916
4.15733
4.31985
4.46611
4.59556
4.70771
4.80214
4.8785
4.9365
4.97592
4.99661
4.99849
4.98157
4.94589
4.89159
4.81889
4.72805
4.61941
4.49339
4.35045
4.19114
4.01606
3.82586
3.62126
3.40303
3.17199
2.92902
2.67502
2.41095
2.13781
1.85662
1.56844
1.27436
0.975487
0.672939
0.367859
0.0613936
-0.245302
-0.551075
-0.854774
-1.15526
-1.45139
-1.74206
-2.02617
-2.30266
-2.57048
-2.82863
-3.07613
-3.31205
-3.53551
-3.74566
-3.94171
-4.12293
-4.28862
-4.43818
-4.57103
-4.68668
-4.78469
-4.86469
-4.92638
-4.96953
-4.99398
-4.99962
-4.98646
-4.95452
-4.90393
-4.83489
-4.74765
-4.64254
-4.51996
-4.38037
-4.22429
-4.05231
-3.86508
-3.6633
-3.44773
-3.21919
-2.97853
-2.72666
-2.46452
-2.19312
-1.91345
-1.62659
-1.3336
-1.0356
-0.733691
-0.429026
-0.122745
0.183997
0.490047
0.794252
1.09547
1.39256
1.68441
1.96992
2.24802
2.51766
2.77782
3.02752
3.26583
3.49185
3.70473
3.90366
4.0879
4.25675
4.40959
4.54582
4.66495
4.76652
4.85015
4.91552
4.96239
4.99059
5
4.99059
4.9624
4.91553
4.85017
4.76654
4.66498
4.54586
4.40963
4.2568
4.08795
3.90371
3.70478
3.49191
3.2659
3.02759
2.77789
2.51773
2.24809
1.97
1.68449
1.39264
1.09555
0.794332
0.490128
0.184079
-0.122664
-0.428944
-0.73361
-1.03552
-1.33352
-1.62651
-1.91338
-2.19304
-2.46445
-2.72659
-2.97846
-3.21912
-3.44767
-3.66324
-3.86502
-4.05226
-4.22424
-4.38033
-4.51993
-4.64251
-4.74763
-4.83487
-4.90392
-4.95451
-4.98645
-4.99962
-4.99398
-4.96954
-4.9264
-4.86471
-4.78471
-4.68671
-4.57107
-4.43822
-4.28867
-4.12297
-3.94176
-3.74571
-3.53557
-3.31211
-3.07619
-2.8287
-2.57055
-2.30273
-2.02625
-1.74214
-1.45147
-1.15533
-0.854854
-0.551156
-0.245384
0.0613119
0.367777
0.672858
0.975407
1.27428
1.56836
1.85654
2.13773
2.41088
2.67495
2.92895
3.17193
3.40297
3.6212
3.82581
4.01601
4.1911
4.35041
4.49335
4.61938
4.72802
4.81887
4.89158
4.94588
4.98156
4.99849
4.99661
4.97593
4.93651
4.87852
4.80217
4.70774
4.59559
4.46614
4.31989
4.15737
3.97921
3.78608
3.57869
3.35783
3.12434
2.87908
2.62299
2.35703
2.08219
1.79952
1.51008
1.21495
0.915247
0.612102
0.306653
4.90192e-05
-0.306555
-0.612005
-0.915151
-1.21485
-1.50998
-1.79943
-2.0821
-2.35694
-2.62291
-2.879
-3.12426
-3.35776
-3.57862
-3.78601
-3.97915
-4.15732
-4.31984
-4.4661
-4.59555
-4.7077
-4.80214
-4.8785
-4.9365
-4.97592
-4.99661
-4.9985
-4.98157
-4.94589
-4.8916
-4.81889
-4.72805
-4.61942
-4.49339
-4.35046
-4.19115
-4.01607
-3.82587
-3.62127
-3.40304
-3.17201
-2.92903
-2.67503
-2.41096
-2.13782
-1.85663
-1.56846
-1.27438
-0.975503
-0.672955
-0.367875
-0.06141
0.245286
0.551059
0.854758
1.15524
1.45137
1.74204
2.02616
2.30265
2.57047
2.82862
3.07612
3.31204
3.5355
3.74565
3.9417
4.12292
4.28862
4.43817
4.57103
4.68668
4.78469
4.86469
4.92638
4.96953
4.99397
4.99962
4.98646
4.95452
4.90394
4.8349
4.74766
4.64255
4.51997
4.38038
4.2243
4.05232
3.86509
3.66331
3.44774
3.2192
2.97854
2.72667
2.46454
2.19313
1.91347
1.6266
1.33362
1.03561
0.733707
0.429042
0.122762
-0.183981
-0.49003
-0.794236
-1.09545
-1.39254
-1.6844
-1.96991
-2.24801
-2.51764
-2.7778
-3.02751
-3.26582
-3.49184
-3.70472
-3.90365
-4.08789
-4.25675
-4.40958
-4.54582
-4.66494
-4.76651
-4.85014
-4.91552
-4.96239
-4.99059
-5
-4.99059
-4.9624
-4.91554
-4.85017
-4.76655
-4.66498
-4.54586
-4.40963
-4.25681
-4.08796
-3.90372
-3.70479
-3.49192
-3.26591
-3.0276
-2.7779
-2.51774
-2.24811
-1.97001
-1.6845
-1.39265
-1.09556
-0.794349
-0.490144
-0.184095
0.122647
0.428928
0.733594
1.0355
1.33351
1.6265
1.91336
2.19303
2.46444
2.72658
2.97845
3.21911
3.44766
3.66323
3.86501
4.05225
4.22424
4.38032
4.51992
4.64251
4.74762
4.83487
4.90391
4.95451
4.98645
4.99962
4.99398
4.96954
4.9264
4.86471
4.78472
4.68672
4.57107
4.43823
4.28867
4.12298
3.94177
3.74572
3.53558
3.31212
3.07621
2.82871
2.57057
2.30275
2.02626
1.74215
1.45148
1.15535
0.85487
0.551173
0.2454
-0.0612956
-0.367761
-0.672842
-0.975391
-1.27427
-1.56835
-1.85653
-2.13772
-2.41086
-2.67494
-2.92894
-3.17192
-3.40296
-3.62119
-3.8258
-4.016
-4.19109
-4.3504
-4.49334
-4.61937
-4.72802
-4.81886
-4.89157
-4.94587
-4.98156
-4.99849
-4.99661
-4.97593
-4.93652
-4.87852
-4.80217
-4.70774
-4.59559
-4.46615
-4.3199
-4.15738
-3.97922
-3.78609
-3.5787
-3.35784
-3.12435
-2.87909
-2.623
-2.35704
-2.08221
-1.79954
-1.51009
-1.21496
-0.915264
-0.612118
-0.306669
0
0.306604
0.612053
0.915199
1.2149
1.51003
1.79947
2.08215
2.35698
2.62295
2.87904
3.1243
3.35779
3.57865
3.78604
3.97918
4.15735
4.31986
4.46612
4.59557
4.70772
4.80215
4.87851
4.93651
4.97592
4.99661
4.99849
4.98156
4.94588
4.89159
4.81888
4.72804
4.6194
4.49337
4.35044
4.19112
4.01604
3.82584
3.62124
3.40301
3.17197
2.92899
2.67499
2.41092
2.13778
1.85659
1.56841
1.27433
0.975455
0.672907
0.367826
0.0613609
-0.245335
-0.551108
-0.854806
-1.15529
-1.45142
-1.74209
-2.0262
-2.30269
-2.57051
-2.82866
-3.07615
-3.31208
-3.53553
-3.74568
-3.94173
-4.12294
-4.28864
-4.4382
-4.57105
-4.68669
-4.7847
-4.8647
-4.92639
-4.96953
-4.99398
-4.99962
-4.98645
-4.95451
-4.90393
-4.83488
-4.74764
-4.64253
-4.51995
-4.38035
-4.22427
-4.05229
-3.86506
-3.66328
-3.44771
-3.21916
-2.9785
-2.72663
-2.4645
-2.19309
-1.91342
-1.62656
-1.33357
-1.03556
-0.733659
-0.428993
-0.122713
0.18403
0.490079
0.794284
1.0955
1.39259
1.68444
1.96995
2.24805
2.51769
2.77785
3.02755
3.26586
3.49188
3.70475
3.90368
4.08792
4.25677
4.4096
4.54584
4.66496
4.76653
4.85015
4.91553
4.9624
4.99059
5
4.99059
4.9624
4.91553
4.85016
4.76653
4.66497
4.54584
4.40961
4.25678
4.08793
3.90369
3.70476
3.49189
3.26587
3.02756
2.77786
2.5177
2.24806
1.96997
1.68446
1.39261
1.09552
0.7943
0.490095
0.184046
-0.122696
-0.428977
-0.733643
-1.03555
-1.33355
-1.62654
-1.91341
-2.19307
-2.46448
-2.72662
-2.97849
-3.21915
-3.4477
-3.66326
-3.86505
-4.05228
-4.22426
-4.38035
-4.51994
-4.64253
-4.74764
-4.83488
-4.90392
-4.95451
-4.98645
-4.99962
-4.99398
-4.96954
-4.92639
-4.8647
-4.78471
-4.6867
-4.57105
-4.4382
-4.28865
-4.12295
-3.94174
-3.74569
-3.53554
-3.31209
-3.07617
-2.82867
-2.57052
-2.3027
-2.02622
-1.74211
-1.45144
-1.1553
-0.854822
-0.551124
-0.245351
0.0613446
0.36781
0.67289
0.975439
1.27432
1.5684
1.85657
2.13776
2.41091
2.67498
2.92898
3.17196
3.40299
3.62123
3.82583
4.01603
4.19112
4.35043
4.49337
4.61939
4.72803
4.81888
4.89158
4.94588
4.98156
4.99849
4.99661
4.97593
4.93651
4.87851
4.80216
4.70773
4.59558
4.46613
4.31987
4.15736
3.97919
3.78605
3.57866
3.35781
3.12431
2.87905
2.62296
2.357
2.08216
1.79949
1.51005
1.21492
0.915215
0.612069
0.30662
1.63397e-05
-0.306587
-0.612037
-0.915183
-1.21488
-1.51001
-1.79946
-2.08213
-2.35697
-2.62293
-2.87903
-3.12428
-3.35778
-3.57864
-3.78603
-3.97917
-4.15734
-4.31986
-4.46611
-4.59556
-4.70771
-4.80215
-4.87851
-4.9365
-4.97592
-4.99661
-4.99849
-4.98156
-4.94589
-4.89159
-4.81889
-4.72804
-4.6194
-4.49338
-4.35044
-4.19113
-4.01605
-3.82585
-3.62125
-3.40302
-3.17198
-2.929
-2.675
-2.41094
-2.13779
-1.8566
-1.56843
-1.27435
-0.975471
-0.672923
-0.367842
-0.0613773
0.245319
0.551091
0.85479
1.15527
1.4514
1.74207
2.02619
2.30268
2.5705
2.82864
3.07614
3.31206
3.53552
3.74567
3.94172
4.12293
4.28863
4.43819
4.57104
4.68669
4.7847
4.86469
4.92638
4.96953
4.99398
4.99962
4.98645
4.95452
4.90393
4.83489
4.74765
4.64254
4.51996
4.38036
4.22428
4.0523
3.86507
3.66329
3.44772
3.21917
2.97851
2.72664
2.46451
2.1931
1.91344
1.62657
1.33359
1.03558
0.733675
0.429009
0.122729
-0.184013
-0.490063
-0.794268
-1.09548
-1.39258
-1.68443
-1.96994
-2.24804
-2.51767
-2.77783
-3.02754
-3.26585
-3.49186
-3.70474
-3.90367
-4.08791
-4.25676
-4.4096
-4.54583
-4.66496
-4.76652
-4.85015
-4.91552
-4.96239
-4.99059
-5
-4.99059
-4.9624
-4.91553
-4.85016
-4.76654
-4.66497
-4.54585
-4.40962
-4.25679
-4.08794
-3.9037
-3.70477
-3.4919
-3.26588
-3.02758
-2.77787
-2.51771
-2.24808
-1.96998
-1.68447
-1.39262
-1.09553
-0.794316
-0.490112
-0.184062
0.12268
0.42896
0.733626
1.03553
1.33354
1.62653
1.91339
2.19306
2.46447
2.7266
2.97847
3.21914
3.44768
3.66325
3.86504
4.05227
4.22425
4.38034
4.51993
4.64252
4.74763
4.83488
4.90392
4.95451
4.98645
4.99962
4.99398
4.96954
4.92639
4.86471
4.78471
4.6867
4.57106
4.43821
4.28866
4.12296
3.94175
3.7457
3.53555
3.3121
3.07618
2.82868
2.57054
2.30272
2.02623
1.74212
1.45145
1.15532
0.854838
0.55114
0.245368
-0.0613283
-0.367793
-0.672874
-0.975423
-1.2743
-1.56838
-1.85656
-2.13775
-2.41089
-2.67496
-2.92896
-3.17194
-3.40298
-3.62121
-3.82582
-4.01602
-4.19111
-4.35042
-4.49336
-4.61939
-4.72803
-4.81887
-4.89158
-4.94588
-4.98156
-4.99849
-4.99661
-4.97593
-4.93651
-4.87852
-4.80216
-4.70773
-4.59558
-4.46614
-4.31988
-4.15737
-3.9792
-3.78606
-3.57868
-3.35782
-3.12432
-2.87907
-2.62298
-2.35701
-2.08218
-1.79951
-1.51006
-1.21493
-0.915231
-0.612086
-0.306636
