Type
0

Mean
5.006
3.418
1.464
0.244

Covariance
  0.124249   0.100298  0.0161388  0.0105469
  0.100298    0.14518  0.0116816  0.0114367
 0.0161388  0.0116816  0.0301061 0.00569796
 0.0105469  0.0114367 0.00569796  0.0114939

Type
1

Mean
5.936
 2.77
 4.26
1.326

Covariance
 0.266433 0.0851837  0.182898 0.0557796
0.0851837 0.0984694  0.082653 0.0412041
 0.182898  0.082653  0.220816  0.073102
0.0557796 0.0412041  0.073102 0.0391061

Type
2

Mean
6.588
2.974
5.552
2.026

Covariance
 0.404343 0.0937632   0.30329 0.0490939
0.0937632  0.104004 0.0713796 0.0476286
  0.30329 0.0713796  0.304588 0.0488245
0.0490939 0.0476286 0.0488245 0.0754327

Eigenvalues of covariance matrix
 (0.695255,0)
(0.0522953,0)
(0.0342659,0)
 (0.106551,0)

P
-0.741017  0.534449  0.371413
-0.203288  0.325377 -0.540683
-0.627892 -0.651523 -0.390595
