0   -10859
2.26757e-05   -10984
4.53515e-05   -11075
6.80272e-05   -11107
9.07029e-05   -11066
0.000113379   -10938
0.000136054   -10729
0.00015873   -10471
0.000181406   -10180
0.000204082   -9858
0.000226757   -9512
0.000249433   -9147
0.000272109   -8750
0.000294785   -8322
0.00031746   -7889
0.000340136   -7454
0.000362812   -6992
0.000385488   -6488
0.000408163   -5953
0.000430839   -5396
0.000453515   -4832
0.00047619   -4282
0.000498866   -3753
0.000521542   -3236
0.000544218   -2726
0.000566893   -2224
0.000589569   -1726
0.000612245   -1223
0.000634921   -725
0.000657596   -262
0.000680272   135
0.000702948   453
0.000725624   695
0.000748299   886
0.000770975   1064
0.000793651   1267
0.000816327   1518
0.000839002   1825
0.000861678   2188
0.000884354   2588
0.000907029   2997
0.000929705   3403
0.000952381   3812
0.000975057   4221
0.000997732   4624
0.00102041   5044
0.00104308   5514
0.00106576   6042
0.00108844   6620
0.00111111   7230
0.00113379   7839
0.00115646   8401
0.00117914   8882
0.00120181   9270
0.00122449   9555
0.00124717   9737
0.00126984   9840
0.00129252   9891
0.00131519   9916
0.00133787   9939
0.00136054   9978
0.00138322   10037
0.0014059   10120
0.00142857   10234
0.00145125   10378
0.00147392   10544
0.0014966   10716
0.00151927   10864
0.00154195   10948
0.00156463   10948
0.0015873   10872
0.00160998   10731
0.00163265   10530
0.00165533   10280
0.001678   10005
0.00170068   9724
0.00172336   9454
0.00174603   9219
0.00176871   9053
0.00179138   8973
0.00181406   8968
0.00183673   9004
0.00185941   9053
0.00188209   9085
0.00190476   9073
0.00192744   9002
0.00195011   8874
0.00197279   8686
0.00199546   8417
0.00201814   8053
0.00204082   7595
0.00206349   7040
0.00208617   6384
0.00210884   5646
0.00213152   4868
0.00215419   4086
0.00217687   3337
0.00219955   2642
0.00222222   1995
0.0022449   1381
0.00226757   809
0.00229025   293
0.00231293   -172
0.0023356   -610
0.00235828   -1025
0.00238095   -1422
0.00240363   -1817
0.0024263   -2222
0.00244898   -2641
0.00247166   -3070
0.00249433   -3488
0.00251701   -3869
0.00253968   -4212
0.00256236   -4527
0.00258503   -4817
0.00260771   -5078
0.00263039   -5319
0.00265306   -5540
0.00267574   -5731
0.00269841   -5884
0.00272109   -6004
0.00274376   -6112
0.00276644   -6240
0.00278912   -6424
0.00281179   -6660
0.00283447   -6914
0.00285714   -7155
0.00287982   -7367
0.00290249   -7537
0.00292517   -7662
0.00294785   -7763
0.00297052   -7863
0.0029932   -7967
0.00301587   -8069
0.00303855   -8149
0.00306122   -8179
0.0030839   -8145
0.00310658   -8063
0.00312925   -7957
0.00315193   -7852
0.0031746   -7766
0.00319728   -7730
0.00321995   -7779
0.00324263   -7928
0.00326531   -8162
0.00328798   -8445
0.00331066   -8736
0.00333333   -8989
0.00335601   -9157
0.00337868   -9219
0.00340136   -9177
0.00342404   -9037
0.00344671   -8807
0.00346939   -8505
0.00349206   -8144
0.00351474   -7713
0.00353742   -7208
0.00356009   -6657
0.00358277   -6098
0.00360544   -5559
0.00362812   -5077
0.00365079   -4693
0.00367347   -4428
0.00369615   -4283
0.00371882   -4245
0.0037415   -4291
0.00376417   -4387
0.00378685   -4505
0.00380952   -4606
0.0038322   -4647
0.00385488   -4600
0.00387755   -4469
0.00390023   -4276
0.0039229   -4047
0.00394558   -3820
0.00396825   -3636
0.00399093   -3525
0.00401361   -3500
0.00403628   -3549
0.00405896   -3640
0.00408163   -3753
0.00410431   -3879
0.00412698   -3995
0.00414966   -4070
0.00417234   -4080
0.00419501   -4017
0.00421769   -3868
0.00424036   -3612
0.00426304   -3233
0.00428571   -2733
0.00430839   -2138
0.00433107   -1490
0.00435374   -824
0.00437642   -170
0.00439909   449
0.00442177   1041
0.00444444   1630
0.00446712   2220
0.0044898   2798
0.00451247   3366
0.00453515   3926
0.00455782   4454
0.0045805   4923
0.00460317   5335
0.00462585   5704
0.00464853   6029
0.0046712   6320
0.00469388   6594
0.00471655   6865
0.00473923   7145
0.0047619   7452
0.00478458   7798
0.00480726   8179
0.00482993   8576
0.00485261   8952
0.00487528   9259
0.00489796   9464
0.00492063   9575
0.00494331   9621
0.00496599   9634
0.00498866   9643
0.00501134   9663
0.00503401   9696
0.00505669   9742
0.00507936   9798
0.00510204   9863
0.00512472   9956
0.00514739   10107
0.00517007   10313
0.00519274   10538
0.00521542   10742
0.0052381   10884
0.00526077   10911
0.00528345   10794
0.00530612   10547
0.0053288   10197
0.00535147   9769
0.00537415   9307
0.00539683   8862
0.0054195   8464
0.00544218   8126
0.00546485   7853
0.00548753   7641
0.0055102   7470
0.00553288   7310
0.00555556   7134
0.00557823   6913
0.00560091   6630
0.00562358   6281
0.00564626   5865
0.00566893   5377
0.00569161   4803
0.00571429   4136
0.00573696   3388
0.00575964   2594
0.00578231   1790
0.00580499   1005
0.00582766   274
0.00585034   -380
0.00587302   -967
0.00589569   -1516
0.00591837   -2047
0.00594104   -2582
0.00596372   -3142
0.00598639   -3734
0.00600907   -4344
0.00603175   -4962
0.00605442   -5565
0.0060771   -6120
0.00609977   -6596
0.00612245   -6981
0.00614512   -7266
0.0061678   -7460
0.00619048   -7595
0.00621315   -7699
0.00623583   -7787
0.0062585   -7878
0.00628118   -7997
0.00630385   -8137
0.00632653   -8264
0.00634921   -8349
0.00637188   -8368
0.00639456   -8295
0.00641723   -8129
0.00643991   -7904
0.00646259   -7659
0.00648526   -7419
0.00650794   -7196
0.00653061   -6980
0.00655329   -6755
0.00657596   -6524
0.00659864   -6315
0.00662132   -6157
0.00664399   -6060
0.00666667   -6019
0.00668934   -6022
0.00671202   -6043
0.00673469   -6058
0.00675737   -6052
0.00678005   -6010
0.00680272   -5928
0.0068254   -5809
0.00684807   -5653
0.00687075   -5462
0.00689342   -5252
0.0069161   -5049
0.00693878   -4871
0.00696145   -4717
0.00698413   -4581
0.0070068   -4457
0.00702948   -4341
0.00705215   -4228
0.00707483   -4118
0.00709751   -4024
0.00712018   -3970
0.00714286   -3980
0.00716553   -4063
0.00718821   -4199
0.00721088   -4345
0.00723356   -4458
0.00725624   -4516
0.00727891   -4520
0.00730159   -4489
0.00732426   -4445
0.00734694   -4404
0.00736961   -4379
0.00739229   -4372
0.00741497   -4364
0.00743764   -4331
0.00746032   -4260
0.00748299   -4139
0.00750567   -3956
0.00752834   -3716
0.00755102   -3443
0.0075737   -3150
0.00759637   -2834
0.00761905   -2498
0.00764172   -2147
0.0076644   -1779
0.00768707   -1387
0.00770975   -979
0.00773243   -568
0.0077551   -167
0.00777778   218
0.00780045   582
0.00782313   919
0.00784581   1222
0.00786848   1496
0.00789116   1752
0.00791383   1996
0.00793651   2223
0.00795918   2425
0.00798186   2605
0.00800453   2763
0.00802721   2895
0.00804989   3005
0.00807256   3107
0.00809524   3215
0.00811791   3346
0.00814059   3519
0.00816326   3743
0.00818594   4008
0.00820862   4296
0.00823129   4584
0.00825397   4836
0.00827664   5024
0.00829932   5144
0.008322   5208
0.00834467   5238
0.00836735   5251
0.00839002   5262
0.0084127   5286
0.00843537   5340
0.00845805   5448
0.00848073   5618
0.0085034   5856
0.00852608   6162
0.00854875   6531
0.00857143   6942
0.0085941   7386
0.00861678   7870
0.00863946   8408
0.00866213   8995
0.00868481   9603
0.00870748   10186
0.00873016   10693
0.00875283   11091
0.00877551   11374
0.00879819   11561
0.00882086   11685
0.00884354   11795
0.00886621   11920
0.00888889   12055
0.00891156   12172
0.00893424   12249
0.00895692   12278
0.00897959   12251
0.00900227   12162
0.00902494   12013
0.00904762   11813
0.00907029   11561
0.00909297   11261
0.00911565   10926
0.00913832   10569
0.009161   10183
0.00918367   9742
0.00920635   9220
0.00922902   8601
0.0092517   7877
0.00927438   7051
0.00929705   6144
0.00931973   5197
0.0093424   4255
0.00936508   3351
0.00938775   2504
0.00941043   1724
0.00943311   1009
0.00945578   360
0.00947846   -209
0.00950113   -686
0.00952381   -1077
0.00954648   -1408
0.00956916   -1716
0.00959184   -2049
0.00961451   -2460
0.00963719   -2979
0.00965986   -3605
0.00968254   -4314
0.00970522   -5062
0.00972789   -5795
0.00975057   -6457
0.00977324   -7007
0.00979592   -7431
0.00981859   -7735
0.00984127   -7939
0.00986395   -8069
0.00988662   -8152
0.0099093   -8219
0.00993197   -8309
0.00995465   -8462
0.00997732   -8708
0.01   -9054
0.0100227   -9474
0.0100454   -9932
0.010068   -10388
0.0100907   -10800
0.0101134   -11135
0.0101361   -11370
0.0101587   -11482
0.0101814   -11459
0.0102041   -11309
0.0102268   -11061
0.0102494   -10737
0.0102721   -10359
0.0102948   -9962
0.0103175   -9572
0.0103401   -9204
0.0103628   -8883
0.0103855   -8633
0.0104082   -8452
0.0104308   -8306
0.0104535   -8158
0.0104762   -7976
0.0104989   -7730
0.0105215   -7409
0.0105442   -7013
0.0105669   -6543
0.0105896   -6005
0.0106122   -5425
0.0106349   -4837
0.0106576   -4268
0.0106803   -3747
0.0107029   -3303
0.0107256   -2946
0.0107483   -2684
0.010771   -2522
0.0107937   -2464
0.0108163   -2504
0.010839   -2629
0.0108617   -2810
0.0108844   -3006
0.010907   -3180
0.0109297   -3307
0.0109524   -3371
0.0109751   -3365
0.0109977   -3295
0.0110204   -3174
0.0110431   -3007
0.0110658   -2791
0.0110884   -2512
0.0111111   -2149
0.0111338   -1691
0.0111565   -1141
0.0111791   -517
0.0112018   157
0.0112245   851
0.0112472   1532
0.0112698   2164
0.0112925   2719
0.0113152   3196
0.0113379   3613
0.0113605   3989
0.0113832   4342
0.0114059   4707
0.0114286   5116
0.0114512   5573
0.0114739   6074
0.0114966   6622
0.0115193   7205
0.011542   7786
0.0115646   8337
0.0115873   8844
0.01161   9299
0.0116327   9693
0.0116553   10026
0.011678   10288
0.0117007   10456
0.0117234   10518
0.011746   10482
0.0117687   10369
0.0117914   10215
0.0118141   10056
0.0118367   9918
0.0118594   9816
0.0118821   9754
0.0119048   9722
0.0119274   9694
0.0119501   9648
0.0119728   9571
0.0119955   9452
0.0120181   9278
0.0120408   9044
0.0120635   8740
0.0120862   8363
0.0121088   7918
0.0121315   7418
0.0121542   6879
0.0121769   6330
0.0121995   5796
0.0122222   5282
0.0122449   4771
0.0122676   4262
0.0122902   3764
0.0123129   3270
0.0123356   2778
0.0123583   2299
0.012381   1837
0.0124036   1383
0.0124263   920
0.012449   439
0.0124717   -71
0.0124943   -618
0.012517   -1183
0.0125397   -1731
0.0125624   -2230
0.012585   -2655
0.0126077   -2990
0.0126304   -3243
0.0126531   -3436
0.0126757   -3588
0.0126984   -3702
0.0127211   -3781
0.0127438   -3833
0.0127664   -3861
0.0127891   -3861
0.0128118   -3835
0.0128345   -3810
0.0128571   -3820
0.0128798   -3907
0.0129025   -4112
0.0129252   -4462
0.0129478   -4943
0.0129705   -5511
0.0129932   -6110
0.0130159   -6677
0.0130385   -7137
0.0130612   -7435
0.0130839   -7550
0.0131066   -7490
0.0131293   -7275
0.0131519   -6942
0.0131746   -6549
0.0131973   -6149
0.01322   -5794
0.0132426   -5524
0.0132653   -5371
0.013288   -5348
0.0133107   -5463
0.0133333   -5709
0.013356   -6060
0.0133787   -6479
0.0134014   -6921
0.013424   -7339
0.0134467   -7697
0.0134694   -7977
0.0134921   -8165
0.0135147   -8247
0.0135374   -8216
0.0135601   -8068
0.0135828   -7816
0.0136054   -7496
0.0136281   -7156
0.0136508   -6824
0.0136735   -6503
0.0136961   -6193
0.0137188   -5883
0.0137415   -5549
0.0137642   -5176
0.0137868   -4769
0.0138095   -4341
0.0138322   -3894
0.0138549   -3446
0.0138776   -3019
0.0139002   -2623
0.0139229   -2267
0.0139456   -1962
0.0139683   -1721
0.0139909   -1547
0.0140136   -1439
0.0140363   -1397
0.014059   -1411
0.0140816   -1468
0.0141043   -1550
0.014127   -1633
0.0141497   -1701
0.0141723   -1749
0.014195   -1770
0.0142177   -1762
0.0142404   -1734
0.014263   -1699
0.0142857   -1658
0.0143084   -1606
0.0143311   -1554
0.0143537   -1513
0.0143764   -1478
0.0143991   -1439
0.0144218   -1385
0.0144444   -1294
0.0144671   -1135
0.0144898   -898
0.0145125   -590
0.0145351   -220
0.0145578   198
0.0145805   645
0.0146032   1102
0.0146259   1566
0.0146485   2031
0.0146712   2481
0.0146939   2897
0.0147166   3258
0.0147392   3549
0.0147619   3763
0.0147846   3911
0.0148073   4019
0.0148299   4132
0.0148526   4287
0.0148753   4503
0.014898   4774
0.0149206   5081
0.0149433   5390
0.014966   5660
0.0149887   5858
0.0150113   5979
0.015034   6032
0.0150567   6038
0.0150794   6029
0.015102   6043
0.0151247   6106
0.0151474   6231
0.0151701   6419
0.0151927   6653
0.0152154   6903
0.0152381   7147
0.0152608   7390
0.0152834   7642
0.0153061   7889
0.0153288   8114
0.0153515   8311
0.0153741   8462
0.0153968   8521
0.0154195   8444
0.0154422   8226
0.0154649   7894
0.0154875   7487
0.0155102   7045
0.0155329   6623
0.0155556   6271
0.0155782   6019
0.0156009   5860
0.0156236   5761
0.0156463   5688
0.0156689   5615
0.0156916   5508
0.0157143   5323
0.015737   5032
0.0157596   4633
0.0157823   4135
0.015805   3571
0.0158277   2994
0.0158503   2444
0.015873   1921
0.0158957   1407
0.0159184   870
0.015941   258
0.0159637   -464
0.0159864   -1287
0.0160091   -2174
0.0160317   -3102
0.0160544   -4043
0.0160771   -4956
0.0160998   -5821
0.0161224   -6633
0.0161451   -7370
0.0161678   -8001
0.0161905   -8514
0.0162132   -8897
0.0162358   -9140
0.0162585   -9273
0.0162812   -9348
0.0163039   -9387
0.0163265   -9395
0.0163492   -9396
0.0163719   -9422
0.0163946   -9466
0.0164172   -9513
0.0164399   -9556
0.0164626   -9566
0.0164853   -9492
0.0165079   -9306
0.0165306   -9004
0.0165533   -8592
0.016576   -8089
0.0165986   -7534
0.0166213   -6957
0.016644   -6373
0.0166667   -5800
0.0166893   -5255
0.016712   -4730
0.0167347   -4214
0.0167574   -3714
0.01678   -3252
0.0168027   -2849
0.0168254   -2525
0.0168481   -2306
0.0168707   -2202
0.0168934   -2196
0.0169161   -2252
0.0169388   -2326
0.0169615   -2394
0.0169841   -2442
0.0170068   -2450
0.0170295   -2397
0.0170522   -2276
0.0170748   -2090
0.0170975   -1833
0.0171202   -1508
0.0171429   -1135
0.0171655   -745
0.0171882   -367
0.0172109   -39
0.0172336   199
0.0172562   313
0.0172789   275
0.0173016   75
0.0173243   -268
0.0173469   -705
0.0173696   -1172
0.0173923   -1605
0.017415   -1948
0.0174376   -2166
0.0174603   -2262
0.017483   -2256
0.0175057   -2175
0.0175283   -2058
0.017551   -1951
0.0175737   -1878
0.0175964   -1841
0.017619   -1834
0.0176417   -1849
0.0176644   -1858
0.0176871   -1829
0.0177098   -1742
0.0177324   -1584
0.0177551   -1328
0.0177778   -950
0.0178005   -445
0.0178231   171
0.0178458   871
0.0178685   1610
0.0178912   2319
0.0179138   2939
0.0179365   3438
0.0179592   3807
0.0179819   4042
0.0180045   4147
0.0180272   4149
0.0180499   4093
0.0180726   4032
0.0180952   4018
0.0181179   4093
0.0181406   4277
0.0181633   4576
0.0181859   4971
0.0182086   5415
0.0182313   5856
0.018254   6259
0.0182766   6619
0.0182993   6936
0.018322   7204
0.0183447   7427
0.0183673   7608
0.01839   7733
0.0184127   7772
0.0184354   7716
0.018458   7583
0.0184807   7395
0.0185034   7179
0.0185261   6966
0.0185488   6790
0.0185714   6673
0.0185941   6620
0.0186168   6632
0.0186395   6700
0.0186621   6810
0.0186848   6948
0.0187075   7100
0.0187302   7254
0.0187528   7417
0.0187755   7593
0.0187982   7777
0.0188209   7953
0.0188435   8104
0.0188662   8214
0.0188889   8266
0.0189116   8258
0.0189342   8202
0.0189569   8106
0.0189796   7984
0.0190023   7852
0.0190249   7732
0.0190476   7638
0.0190703   7569
0.019093   7515
0.0191156   7454
0.0191383   7368
0.019161   7237
0.0191837   7045
0.0192063   6809
0.019229   6576
0.0192517   6373
0.0192744   6179
0.0192971   5958
0.0193197   5684
0.0193424   5330
0.0193651   4868
0.0193878   4292
0.0194104   3628
0.0194331   2914
0.0194558   2181
0.0194785   1461
0.0195011   783
0.0195238   173
0.0195465   -351
0.0195692   -786
0.0195918   -1145
0.0196145   -1464
0.0196372   -1781
0.0196599   -2120
0.0196825   -2500
0.0197052   -2940
0.0197279   -3446
0.0197506   -4003
0.0197732   -4588
0.0197959   -5184
0.0198186   -5772
0.0198413   -6330
0.0198639   -6843
0.0198866   -7311
0.0199093   -7728
0.019932   -8089
0.0199546   -8403
0.0199773   -8688
0.02   -8974
0.0200227   -9297
0.0200454   -9686
0.020068   -10149
0.0200907   -10672
0.0201134   -11237
0.0201361   -11804
0.0201587   -12307
0.0201814   -12705
0.0202041   -13002
0.0202268   -13195
0.0202494   -13257
0.0202721   -13179
0.0202948   -12983
0.0203175   -12696
0.0203401   -12334
0.0203628   -11922
0.0203855   -11491
0.0204082   -11065
0.0204308   -10665
0.0204535   -10306
0.0204762   -10000
0.0204989   -9755
0.0205215   -9571
0.0205442   -9420
0.0205669   -9246
0.0205896   -9002
0.0206122   -8658
0.0206349   -8187
0.0206576   -7581
0.0206803   -6856
0.0207029   -6045
0.0207256   -5187
0.0207483   -4324
0.020771   -3499
0.0207937   -2750
0.0208163   -2096
0.020839   -1543
0.0208617   -1091
0.0208844   -730
0.020907   -454
0.0209297   -261
0.0209524   -147
0.0209751   -110
0.0209977   -139
0.0210204   -206
0.0210431   -272
0.0210658   -301
0.0210884   -260
0.0211111   -119
0.0211338   131
0.0211565   476
0.0211791   895
0.0212018   1377
0.0212245   1889
0.0212472   2391
0.0212698   2865
0.0212925   3314
0.0213152   3741
0.0213379   4151
0.0213605   4557
0.0213832   4963
0.0214059   5355
0.0214286   5725
0.0214512   6071
0.0214739   6388
0.0214966   6675
0.0215193   6950
0.0215419   7233
0.0215646   7524
0.0215873   7824
0.02161   8136
0.0216327   8451
0.0216553   8757
0.021678   9061
0.0217007   9365
0.0217234   9655
0.021746   9923
0.0217687   10174
0.0217914   10405
0.0218141   10607
0.0218367   10782
0.0218594   10930
0.0218821   11039
0.0219048   11092
0.0219274   11085
0.0219501   11016
0.0219728   10888
0.0219955   10717
0.0220181   10528
0.0220408   10333
0.0220635   10139
0.0220862   9954
0.0221088   9779
0.0221315   9617
0.0221542   9470
0.0221769   9334
0.0221995   9198
0.0222222   9057
0.0222449   8897
0.0222676   8699
0.0222903   8456
0.0223129   8172
0.0223356   7845
0.0223583   7464
0.022381   7029
0.0224036   6550
0.0224263   6024
0.022449   5462
0.0224717   4892
0.0224943   4336
0.022517   3794
0.0225397   3267
0.0225624   2758
0.022585   2258
0.0226077   1750
0.0226304   1229
0.0226531   697
0.0226757   167
0.0226984   -343
0.0227211   -824
0.0227438   -1281
0.0227664   -1720
0.0227891   -2136
0.0228118   -2516
0.0228345   -2843
0.0228571   -3098
0.0228798   -3272
0.0229025   -3381
0.0229252   -3467
0.0229478   -3584
0.0229705   -3787
0.0229932   -4115
0.0230159   -4581
0.0230385   -5175
0.0230612   -5867
0.0230839   -6620
0.0231066   -7393
0.0231293   -8136
0.0231519   -8790
0.0231746   -9306
0.0231973   -9650
0   190129
43.0664   230904
86.1328   230370
129.199   339240
172.266   319122
215.332   660022
258.398   483972
301.465   4.22197e+06
344.531   499040
387.598   1.11711e+06
430.664   201080
473.73   647746
516.797   666343
559.863   521276
602.93   568874
645.996   86286.3
689.062   274297
732.129   249412
775.195   461563
818.262   247661
861.328   152282
904.395   89976.9
947.461   66870.1
990.527   320648
1033.59   43291.1
1076.66   31725.7
1119.73   43327.6
1162.79   234419
1205.86   146648
1248.93   81019.4
1291.99   116227
1335.06   55746.4
1378.12   66412.3
1421.19   51431
1464.26   110319
1507.32   71928.8
1550.39   107873
1593.46   70193.2
1636.52   6269.82
1679.59   5206.53
1722.66   17138
1765.72   65539.9
1808.79   16061
1851.86   41366.3
1894.92   30417.7
1937.99   72476.8
1981.05   145175
2024.12   55286.4
2067.19   18538.1
2110.25   14789.2
2153.32   4741.4
2196.39   6517.25
2239.45   31160.9
2282.52   18559
2325.59   3706.47
2368.65   162071
2411.72   14864.5
2454.79   14817.4
2497.85   106256
2540.92   8892.4
2583.98   23116.6
2627.05   11803.9
2670.12   18845.7
2713.18   17292.4
2756.25   84205
2799.32   34647.2
2842.38   2421.63
2885.45   1450.85
2928.52   11687.6
2971.58   56969.4
3014.65   45840.1
3057.71   1231.47
3100.78   11650.4
3143.85   20460.3
3186.91   26993.2
3229.98   20122.1
3273.05   21638.2
3316.11   9015.07
3359.18   7157.2
3402.25   3859.83
3445.31   2601.88
3488.38   2313.36
3531.45   5453.69
3574.51   18017
3617.58   8043.72
3660.64   1129.3
3703.71   1677.01
3746.78   2280.05
3789.84   5887.65
3832.91   7592.46
3875.98   2115.37
3919.04   3882.39
3962.11   257.037
4005.18   12716.1
4048.24   2759.23
4091.31   5559.13
4134.38   3270.67
4177.44   2510.95
4220.51   4080.53
4263.57   3833.7
4306.64   13935.1
4349.71   21890.1
4392.77   9890.42
4435.84   4059.47
4478.91   1288.07
4521.97   614.727
4565.04   876.23
4608.11   814.818
4651.17   687.375
4694.24   711.142
4737.3   663.206
4780.37   725.235
4823.44   4631.08
4866.5   5652.78
4909.57   1382.07
4952.64   1196.88
4995.7   1176.97
5038.77   1267.86
5081.84   1299.77
5124.9   1256.9
5167.97   3711.37
5211.04   1431.22
5254.1   6365.4
5297.17   1035.43
5340.23   520.864
5383.3   525.043
5426.37   1065.47
5469.43   1962.69
5512.5   1886.02
5555.57   2277.21
5598.63   521.709
5641.7   1249.02
5684.77   7079.52
5727.83   1523.92
5770.9   778.717
5813.96   1301.83
5857.03   680.477
5900.1   310.555
5943.16   378.267
5986.23   1502.15
6029.3   1271.13
6072.36   781.969
6115.43   1014.18
6158.5   1277.33
6201.56   354.3
6244.63   1654.82
6287.7   1501.51
6330.76   695.368
6373.83   925.45
6416.89   818.078
6459.96   1163.11
6503.03   1182.87
6546.09   1007.68
6589.16   390.381
6632.23   1127.95
6675.29   387.112
6718.36   1198.2
6761.43   786.99
6804.49   1235.28
6847.56   466.435
6890.62   630.488
6933.69   984.282
6976.76   804.809
7019.82   770.882
7062.89   856.916
7105.96   1227.27
7149.02   368.642
7192.09   569.876
7235.16   592.741
7278.22   573.575
7321.29   616.831
7364.36   741.202
7407.42   904.563
7450.49   703.617
7493.55   1217.86
7536.62   791.86
7579.69   952.163
7622.75   518.44
7665.82   948.456
7708.89   752.283
7751.95   895.738
7795.02   847.928
7838.09   822.356
7881.15   804.363
7924.22   913.498
7967.29   899.457
8010.35   768.161
8053.42   791.2
8096.48   594.044
8139.55   821.255
8182.62   838.596
8225.68   900.536
8268.75   785.015
8311.82   676.79
8354.88   953.059
8397.95   853.277
8441.02   908.939
8484.08   952.786
8527.15   860.512
8570.21   748.564
8613.28   829.921
8656.35   805.647
8699.41   829.475
8742.48   888.41
8785.55   734.64
8828.61   697.442
8871.68   972.256
8914.75   1109.85
8957.81   968.235
9000.88   826.525
9043.95   693.216
9087.01   474.976
9130.08   699.668
9173.14   714.294
9216.21   905.102
9259.28   766.148
9302.34   749.183
9345.41   564.604
9388.48   962.309
9431.54   668.499
9474.61   740.037
9517.68   862.614
9560.74   408.804
9603.81   558.101
9646.88   1038.89
9689.94   820.878
9733.01   802.35
9776.07   966.746
9819.14   644.587
9862.21   550.631
9905.27   534.384
9948.34   720.19
9991.41   869.056
10034.5   760.547
10077.5   614.87
10120.6   680.299
10163.7   722.13
10206.7   765.816
10249.8   750.684
10292.9   783.509
10335.9   556.303
10379   676.725
10422.1   951.531
10465.1   721.812
10508.2   592.226
10551.3   603.78
10594.3   545.793
10637.4   762.226
10680.5   811.906
10723.5   716.155
10766.6   787.582
10809.7   869.479
10852.7   712.142
10895.8   666.591
10938.9   844.586
10981.9   694.695
11025   528.289
11068.1   774.093
11111.1   645.369
11154.2   709.131
11197.3   653.598
11240.3   475.767
11283.4   670.245
11326.5   757.662
11369.5   666.921
11412.6   795.888
11455.7   605.296
11498.7   810.933
11541.8   708.73
11584.9   673.784
11627.9   525.686
11671   792.139
11714.1   916.468
11757.1   835.882
11800.2   569.895
11843.3   717.372
11886.3   703.376
11929.4   671.157
11972.5   701.067
12015.5   831.793
12058.6   762.127
12101.7   674.528
12144.7   609.333
12187.8   539.486
12230.9   658.226
12273.9   712.655
12317   710.54
12360.1   512.128
12403.1   735.66
12446.2   638.407
12489.3   389.774
12532.3   624.715
12575.4   571.93
12618.5   447.644
12661.5   615.88
12704.6   772.458
12747.7   607.63
12790.7   645.513
12833.8   725.297
12876.9   806.373
12919.9   588.506
12963   605.792
13006.1   574.104
13049.1   648.181
13092.2   592.253
13135.3   574.102
13178.3   602.682
13221.4   577.589
13264.5   587.377
13307.5   577.538
13350.6   597.718
13393.7   590.154
13436.7   586.991
13479.8   594.258
13522.9   579.766
13565.9   577.407
13609   592.655
13652.1   600.593
13695.1   585.446
13738.2   589.582
13781.2   589.252
13824.3   584.167
13867.4   583.178
13910.4   581.734
13953.5   578.313
13996.6   586.425
14039.6   594.819
14082.7   576.467
14125.8   579.264
14168.8   596.24
14211.9   579.791
14255   581.799
14298   581.795
14341.1   571.047
14384.2   578.395
14427.2   574.471
14470.3   587.31
14513.4   574.945
14556.4   582.43
14599.5   579.131
14642.6   575.038
14685.6   574.03
14728.7   565.126
14771.8   584.007
14814.8   573.121
14857.9   573.041
14901   568.027
14944   580.637
14987.1   563.928
15030.2   556.582
15073.2   560.766
15116.3   555.343
15159.4   560.653
15202.4   570.191
15245.5   565.6
15288.6   563.201
15331.6   574.943
15374.7   569.748
15417.8   562.17
15460.8   541.063
15503.9   551.798
15547   546.217
15590   555.344
15633.1   554.207
15676.2   570.968
15719.2   557.638
15762.3   540.685
15805.4   562.371
15848.4   549.299
15891.5   556.572
15934.6   542.96
15977.6   552.157
16020.7   535.682
16063.8   549.532
16106.8   553.277
16149.9   561.176
16193   555.838
16236   556.826
16279.1   535.141
16322.2   550.61
16365.2   534.193
16408.3   544.949
16451.4   541.505
16494.4   554.126
16537.5   551.131
16580.6   549.879
16623.6   540.152
16666.7   541.305
16709.8   552.951
16752.8   530.33
16795.9   545.355
16839   543.842
16882   547.898
16925.1   537.896
16968.2   538.528
17011.2   534.862
17054.3   532.929
17097.4   544.716
17140.4   545.045
17183.5   536.777
17226.6   523.834
17269.6   519.932
17312.7   537.214
17355.8   534.038
17398.8   523.667
17441.9   536.08
17485   523.861
17528   536.794
17571.1   545.823
17614.2   528.354
17657.2   528.564
17700.3   527.366
17743.4   534.331
17786.4   539.741
17829.5   525.849
17872.6   539.694
17915.6   527.129
17958.7   530.235
18001.8   527.875
18044.8   530.631
18087.9   532.33
18131   523.091
18174   518.091
18217.1   517.32
18260.2   528.541
18303.2   524.838
18346.3   519.296
18389.4   526.22
18432.4   516.306
18475.5   508.35
18518.6   524.56
18561.6   524.027
18604.7   535.007
18647.8   512.766
18690.8   536.16
18733.9   523.655
18777   520.706
18820   522.373
18863.1   505.601
18906.2   523.732
18949.2   528.779
18992.3   529.938
19035.4   520.652
19078.4   514.404
19121.5   515.36
19164.6   520.293
19207.6   522.351
19250.7   518.823
19293.8   514.812
19336.8   524.564
19379.9   520.456
19422.9   505.186
19466   512.97
19509.1   519.559
19552.1   516.112
19595.2   523.271
19638.3   509.881
19681.3   515.041
19724.4   527.844
19767.5   506.349
19810.5   515.68
19853.6   512.194
19896.7   506.551
19939.7   514.975
19982.8   517.085
20025.9   525.528
20068.9   520.438
20112   514.053
20155.1   502.561
20198.1   517.174
20241.2   503.344
20284.3   513.441
20327.3   505.408
20370.4   505.931
20413.5   515.794
20456.5   511.725
20499.6   521.718
20542.7   514.348
20585.7   509.542
20628.8   517.811
20671.9   505.742
20714.9   511.777
20758   505.698
20801.1   502.967
20844.1   502.507
20887.2   521.194
20930.3   498.235
20973.3   507.625
21016.4   512.312
21059.5   504.026
21102.5   503.344
21145.6   513.556
21188.7   510.731
21231.7   509.026
21274.8   508.877
21317.9   512.081
21360.9   509.33
21404   514.711
21447.1   498.897
21490.1   516.734
21533.2   506.671
21576.3   511.329
21619.3   510.066
21662.4   512.753
21705.5   509.104
21748.5   507.325
21791.6   510.594
21834.7   506.882
21877.7   520.833
21920.8   511.164
21963.9   499.669
22006.9   499.852
22050   511
22093.1   499.899
22136.1   499.604
22179.2   511.235
22222.3   520.85
22265.3   506.855
22308.4   510.777
22351.5   506.926
22394.5   509.072
22437.6   512.69
22480.7   510.113
22523.7   511.497
22566.8   506.494
22609.9   516.598
22652.9   499.066
22696   514.652
22739.1   509.325
22782.1   512.035
22825.2   508.992
22868.3   508.94
22911.3   510.704
22954.4   513.544
22997.5   503.36
23040.5   503.933
23083.6   512.313
23126.7   507.656
23169.7   498.248
23212.8   521.25
23255.9   502.457
23298.9   502.94
23342   505.662
23385.1   511.777
23428.1   505.718
23471.2   517.79
23514.3   509.524
23557.3   514.358
23600.4   521.7
23643.5   511.728
23686.5   515.802
23729.6   505.904
23772.7   505.402
23815.7   513.413
23858.8   503.34
23901.9   517.172
23944.9   502.545
23988   514.019
24031.1   520.444
24074.1   525.525
24117.2   517.086
24160.3   514.991
24203.3   506.538
24246.4   512.219
24289.5   515.689
24332.5   506.333
24375.6   527.84
24418.7   514.966
24461.7   509.884
24504.8   523.295
24547.9   516.101
24590.9   519.572
24634   512.957
24677.1   505.151
24720.1   520.472
24763.2   524.547
24806.2   514.814
24849.3   518.826
24892.4   522.343
24935.4   520.332
24978.5   515.363
25021.6   514.396
25064.6   520.669
25107.7   529.777
25150.8   528.779
25193.8   523.773
25236.9   505.604
25280   522.394
25323   520.707
25366.1   523.659
25409.2   536.169
25452.2   512.75
25495.3   535.006
25538.4   524.028
25581.4   524.547
25624.5   508.357
25667.6   516.307
25710.6   526.213
25753.7   519.293
25796.8   524.765
25839.8   528.546
25882.9   517.353
25926   518.085
25969   523.073
26012.1   532.319
26055.2   530.609
26098.2   527.875
26141.3   530.194
26184.4   527.13
26227.4   539.722
26270.5   525.847
26313.6   539.741
26356.6   534.346
26399.7   527.379
26442.8   528.571
26485.8   528.279
26528.9   545.819
26572   536.822
26615   523.865
26658.1   536.098
26701.2   523.668
26744.2   534.031
26787.3   537.201
26830.4   519.904
26873.4   523.836
26916.5   536.79
26959.6   545.008
27002.6   544.771
27045.7   532.955
27088.8   534.813
27131.8   538.514
27174.9   537.901
27218   547.892
27261   543.96
27304.1   545.31
27347.2   530.338
27390.2   552.95
27433.3   541.289
27476.4   540.162
27519.4   549.882
27562.5   551.131
27605.6   554.09
27648.6   541.481
27691.7   544.955
27734.8   534.194
27777.8   550.619
27820.9   535.187
27864   556.814
27907   555.838
27950.1   561.187
27993.2   553.28
28036.2   549.563
28079.3   535.639
28122.4   552.126
28165.4   543.005
28208.5   556.58
28251.6   549.303
28294.6   562.362
28337.7   540.688
28380.8   557.633
28423.8   570.974
28466.9   554.199
28510   555.341
28553   546.16
28596.1   551.803
28639.2   541.123
28682.2   562.164
28725.3   569.757
28768.4   574.934
28811.4   563.168
28854.5   565.602
28897.6   570.167
28940.6   560.65
28983.7   555.375
29026.8   560.752
29069.8   556.59
29112.9   563.927
29156   580.635
29199   568.029
29242.1   572.995
29285.2   573.119
29328.2   584.048
29371.3   565.123
29414.4   574.031
29457.4   575.032
29500.5   579.12
29543.6   582.442
29586.6   574.927
29629.7   587.308
29672.8   574.478
29715.8   578.389
29758.9   571.047
29802   581.818
29845   581.777
29888.1   579.787
29931.2   596.214
29974.2   579.273
30017.3   576.634
30060.4   594.804
30103.4   586.43
30146.5   578.297
30189.6   581.739
30232.6   583.185
30275.7   584.166
30318.8   589.25
30361.8   589.613
30404.9   585.433
30447.9   600.588
30491   592.668
30534.1   577.419
30577.1   579.783
30620.2   594.174
30663.3   586.979
30706.3   590.201
30749.4   597.718
30792.5   577.542
30835.5   587.377
30878.6   577.569
30921.7   602.696
30964.7   574.101
31007.8   592.253
31050.9   648.169
31093.9   574.083
31137   605.819
31180.1   588.517
31223.1   806.382
31266.2   725.3
31309.3   645.532
31352.3   607.636
31395.4   772.49
31438.5   615.873
31481.5   447.649
31524.6   571.941
31567.7   624.695
31610.7   389.788
31653.8   638.431
31696.9   735.673
31739.9   512.18
31783   710.553
31826.1   712.672
31869.1   658.268
31912.2   539.476
31955.3   609.331
31998.3   674.524
32041.4   762.117
32084.5   831.878
32127.5   701.058
32170.6   671.145
32213.7   703.391
32256.7   717.42
32299.8   569.82
32342.9   835.869
32385.9   916.486
32429   792.156
32472.1   525.553
32515.1   673.871
32558.2   708.828
32601.3   810.859
32644.3   605.275
32687.4   795.918
32730.5   666.911
32773.5   758.176
32816.6   670.13
32859.7   475.789
32902.7   653.568
32945.8   709.081
32988.9   645.431
33031.9   774.12
33075   528.289
33118.1   694.681
33161.1   844.538
33204.2   666.675
33247.3   712.16
33290.3   869.44
33333.4   787.663
33376.5   715.736
33419.5   811.905
33462.6   762.185
33505.7   545.823
33548.7   603.884
33591.8   592.094
33634.9   721.728
33677.9   951.649
33721   676.704
33764.1   556.304
33807.1   783.513
33850.2   750.744
33893.3   765.784
33936.3   722.106
33979.4   680.308
34022.5   614.877
34065.5   760.452
34108.6   869.053
34151.7   720.233
34194.7   534.382
34237.8   550.65
34280.9   644.563
34323.9   966.727
34367   802.334
34410.1   820.831
34453.1   1038.88
34496.2   558.095
34539.3   408.789
34582.3   862.628
34625.4   740.028
34668.5   668.486
34711.5   962.315
34754.6   564.473
34797.7   749.179
34840.7   766.189
34883.8   905.101
34926.9   714.296
34969.9   699.648
35013   474.982
35056.1   693.221
35099.1   826.533
35142.2   968.22
35185.3   1109.87
35228.3   972.223
35271.4   697.462
35314.5   734.653
35357.5   888.378
35400.6   829.466
35443.7   805.56
35486.7   829.908
35529.8   748.723
35572.9   860.498
35615.9   952.791
35659   908.931
35702.1   853.267
35745.1   953.068
35788.2   676.764
35831.2   785.018
35874.3   900.545
35917.4   838.579
35960.4   821.277
36003.5   594.058
36046.6   791.174
36089.6   768.184
36132.7   899.225
36175.8   913.485
36218.8   804.465
36261.9   822.357
36305   847.958
36348   895.715
36391.1   752.272
36434.2   948.483
36477.2   518.402
36520.3   952.167
36563.4   791.881
36606.4   1217.83
36649.5   703.671
36692.6   904.572
36735.6   741.226
36778.7   616.838
36821.8   573.582
36864.8   592.743
36907.9   569.894
36951   368.629
36994   1227.27
37037.1   856.92
37080.2   770.835
37123.2   804.825
37166.3   984.25
37209.4   630.496
37252.4   466.518
37295.5   1235.29
37338.6   787.004
37381.6   1198.23
37424.7   387.116
37467.8   1127.96
37510.8   390.444
37553.9   1007.72
37597   1183
37640   1163.09
37683.1   818.065
37726.2   925.472
37769.2   695.36
37812.3   1501.49
37855.4   1654.88
37898.4   354.333
37941.5   1277.25
37984.6   1014.2
38027.6   782.056
38070.7   1271.25
38113.8   1502.25
38156.8   378.236
38199.9   310.3
38243   680.615
38286   1302.17
38329.1   778.701
38372.2   1523.96
38415.2   7079.52
38458.3   1248.98
38501.4   521.702
38544.4   2277.26
38587.5   1886.02
38630.6   1962.7
38673.6   1065.44
38716.7   525.085
38759.8   520.936
38802.8   1035.47
38845.9   6365.49
38889   1430.75
38932   3711.44
38975.1   1256.77
39018.2   1299.77
39061.2   1267.88
39104.3   1176.91
39147.4   1196.79
39190.4   1382.11
39233.5   5652.69
39276.6   4631.16
39319.6   725.173
39362.7   663.201
39405.8   711.077
39448.8   687.422
39491.9   814.74
39535   876.222
39578   614.504
39621.1   1288.02
39664.2   4059.65
39707.2   9890.45
39750.3   21890.1
39793.4   13935
39836.4   3833.67
39879.5   4080.53
39922.6   2510.88
39965.6   3270.67
40008.7   5558.99
40051.8   2759.21
40094.8   12716.1
40137.9   257.051
40181   3882.45
40224   2115.38
40267.1   7592.77
40310.2   5887.65
40353.2   2279.91
40396.3   1676.98
40439.4   1129.34
40482.4   8043.73
40525.5   18017
40568.6   5453.69
40611.6   2313.5
40654.7   2601.92
40697.8   3859.7
40740.8   7157.29
40783.9   9014.97
40827   21638.1
40870   20121.8
40913.1   26993.2
40956.2   20460.7
40999.2   11650.5
41042.3   1231.34
41085.4   45840.2
41128.4   56969.4
41171.5   11687.5
41214.6   1450.86
41257.6   2421.58
41300.7   34647.1
41343.8   84205
41386.8   17292.4
41429.9   18845.7
41472.9   11804
41516   23116.5
41559.1   8892.49
41602.1   106255
41645.2   14818.4
41688.3   14864.4
41731.3   162071
41774.4   3706.51
41817.5   18559.2
41860.5   31160.8
41903.6   6517.18
41946.7   4741.47
41989.7   14789.4
42032.8   18538.2
42075.9   55286.2
42118.9   145175
42162   72476.9
42205.1   30417.7
42248.1   41366.2
42291.2   16061.1
42334.3   65540.1
42377.3   17138
42420.4   5206.82
42463.5   6269.86
42506.5   70193.2
42549.6   107873
42592.7   71928.6
42635.7   110319
42678.8   51431.1
42721.9   66412.3
42764.9   55746.5
42808   116227
42851.1   81019.5
42894.1   146649
42937.2   234419
42980.3   43327.7
43023.3   31726.7
43066.4   43291.3
43109.5   320648
43152.5   66870.2
43195.6   89977.1
43238.7   152282
43281.7   247661
43324.8   461563
43367.9   249413
43410.9   274298
43454   86286.2
43497.1   568874
43540.1   521276
43583.2   666343
43626.3   647746
43669.3   201080
43712.4   1.11711e+06
43755.5   499040
43798.5   4.22197e+06
43841.6   483972
43884.7   660023
43927.7   319123
43970.8   339241
44013.9   230370
44056.9   230903
