0 0 0 1.47669e+10
2.26757e-05 626 43.0664 1.53042e+10
4.53515e-05 1250 86.1328 1.70238e+10
6.80272e-05 1869 129.199 2.03209e+10
9.07029e-05 2481 172.266 2.60598e+10
0.000113379 3083 215.332 3.6119e+10
0.000136054 3673 258.398 5.49544e+10
0.00015873 4248 301.465 9.50907e+10
0.000181406 4807 344.531 2.03412e+11
0.000204082 5347 387.598 6.8971e+11
0.000226757 5866 430.664 2.22749e+13
0.000249433 6362 473.73 1.7524e+12
0.000272109 6832 516.797 3.47442e+11
0.000294785 7276 559.863 1.46603e+11
0.00031746 7692 602.93 8.15197e+10
0.000340136 8077 645.996 5.23654e+10
0.000362812 8431 689.062 3.67448e+10
0.000385488 8751 732.129 2.73638e+10
0.000408163 9037 775.195 2.12796e+10
0.000430839 9287 818.262 1.709e+10
0.000453515 9501 861.328 1.40685e+10
0.00047619 9678 904.395 1.18182e+10
0.000498866 9816 947.461 1.0093e+10
0.000521542 9916 990.527 8.73406e+09
0.000544218 9978 1033.59 7.64643e+09
0.000566893 9999 1076.66 6.75752e+09
0.000589569 9982 1119.73 6.026e+09
0.000612245 9925 1162.79 5.40893e+09
0.000634921 9830 1205.86 4.889e+09
0.000657596 9696 1248.93 4.44519e+09
0.000680272 9523 1291.99 4.05852e+09
0.000702948 9313 1335.06 3.7256e+09
0.000725624 9067 1378.12 3.43312e+09
0.000748299 8785 1421.19 3.17379e+09
0.000770975 8469 1464.26 2.94544e+09
0.000793651 8119 1507.32 2.74211e+09
0.000816327 7737 1550.39 2.55922e+09
0.000839002 7325 1593.46 2.39523e+09
0.000861678 6884 1636.52 2.24547e+09
0.000884354 6416 1679.59 2.11174e+09
0.000907029 5923 1722.66 1.99112e+09
0.000929705 5407 1765.72 1.87814e+09
0.000952381 4869 1808.79 1.77695e+09
0.000975057 4313 1851.86 1.68365e+09
0.000997732 3739 1894.92 1.59766e+09
0.00102041 3151 1937.99 1.51767e+09
0.00104308 2550 1981.05 1.44428e+09
0.00106576 1939 2024.12 1.37594e+09
0.00108844 1321 2067.19 1.31377e+09
0.00111111 697 2110.25 1.25458e+09
0.00113379 71 2153.32 1.19942e+09
0.00115646 -555 2196.39 1.15297e+09
0.00117914 -1179 2239.45 1.10026e+09
0.00120181 -1799 2282.52 1.05492e+09
0.00122449 -2412 2325.59 1.01266e+09
0.00124717 -3015 2368.65 9.74997e+08
0.00126984 -3606 2411.72 9.37607e+08
0.00129252 -4184 2454.79 9.02228e+08
0.00131519 -4744 2497.85 8.69361e+08
0.00133787 -5287 2540.92 8.3777e+08
0.00136054 -5808 2583.98 8.08791e+08
0.00138322 -6307 2627.05 7.80028e+08
0.0014059 -6780 2670.12 7.53588e+08
0.00142857 -7227 2713.18 7.28561e+08
0.00145125 -7646 2756.25 7.0514e+08
0.00147392 -8035 2799.32 6.81987e+08
0.0014966 -8392 2842.38 6.60419e+08
0.00151927 -8716 2885.45 6.40205e+08
0.00154195 -9006 2928.52 6.20644e+08
0.00156463 -9261 2971.58 6.02032e+08
0.0015873 -9479 3014.65 5.8436e+08
0.00160998 -9660 3057.71 5.67792e+08
0.00163265 -9803 3100.78 5.50454e+08
0.00165533 -9907 3143.85 5.35642e+08
0.001678 -9973 3186.91 5.20328e+08
0.00170068 -9999 3229.98 5.0672e+08
0.00172336 -9986 3273.05 4.92661e+08
0.00174603 -9934 3316.11 4.80114e+08
0.00176871 -9843 3359.18 4.67145e+08
0.00179138 -9713 3402.25 4.54937e+08
0.00181406 -9545 3445.31 4.43467e+08
0.00183673 -9339 3488.38 4.32439e+08
0.00185941 -9097 3531.45 4.22239e+08
0.00188209 -8819 3574.51 4.11409e+08
0.00190476 -8506 3617.58 4.01931e+08
0.00192744 -8160 3660.64 3.92339e+08
0.00195011 -7782 3703.71 3.82933e+08
0.00197279 -7373 3746.78 3.74772e+08
0.00199546 -6936 3789.84 3.65343e+08
0.00201814 -6471 3832.91 3.57517e+08
0.00204082 -5981 3875.98 3.49312e+08
0.00206349 -5467 3919.04 3.41578e+08
0.00208617 -4931 3962.11 3.35208e+08
0.00210884 -4377 4005.18 3.27092e+08
0.00213152 -3805 4048.24 3.20157e+08
0.00215419 -3218 4091.31 3.13348e+08
0.00217687 -2619 4134.38 3.07068e+08
0.00219955 -2009 4177.44 3.00394e+08
0.00222222 -1391 4220.51 2.94154e+08
0.0022449 -768 4263.57 2.88739e+08
0.00226757 -142 4306.64 2.8274e+08
0.00229025 484 4349.71 2.77146e+08
0.00231293 1109 4392.77 2.7193e+08
0.0023356 1729 4435.84 2.66817e+08
0.00235828 2343 4478.91 2.61619e+08
0.00238095 2947 4521.97 2.56861e+08
0.00240363 3540 4565.04 2.51692e+08
0.0024263 4119 4608.11 2.47827e+08
0.00244898 4682 4651.17 2.42978e+08
0.00247166 5226 4694.24 2.38724e+08
0.00249433 5750 4737.3 2.34122e+08
0.00251701 6251 4780.37 2.30157e+08
0.00253968 6728 4823.44 2.2676e+08
0.00256236 7178 4866.5 2.21707e+08
0.00258503 7600 4909.57 2.18002e+08
0.00260771 7992 4952.64 2.1457e+08
0.00263039 8353 4995.7 2.11142e+08
0.00265306 8681 5038.77 2.07385e+08
0.00267574 8975 5081.84 2.04122e+08
0.00269841 9234 5124.9 2.00627e+08
0.00272109 9456 5167.97 1.97548e+08
0.00274376 9641 5211.04 1.94321e+08
0.00276644 9788 5254.1 1.91465e+08
0.00278912 9897 5297.17 1.88257e+08
0.00281179 9967 5340.23 1.85216e+08
0.00283447 9998 5383.3 1.82397e+08
0.00285714 9989 5426.37 1.79718e+08
0.00287982 9942 5469.43 1.77077e+08
0.00290249 9855 5512.5 1.7439e+08
0.00292517 9729 5555.57 1.7156e+08
0.00294785 9566 5598.63 1.69096e+08
0.00297052 9364 5641.7 1.66599e+08
0.0029932 9126 5684.77 1.64604e+08
0.00301587 8852 5727.83 1.62149e+08
0.00303855 8544 5770.9 1.59786e+08
0.00306122 8201 5813.96 1.57397e+08
0.0030839 7827 5857.03 1.54995e+08
0.00310658 7421 5900.1 1.53074e+08
0.00312925 6987 5943.16 1.51144e+08
0.00315193 6525 5986.23 1.49092e+08
0.0031746 6038 6029.3 1.46632e+08
0.00319728 5526 6072.36 1.44516e+08
0.00321995 4993 6115.43 1.42941e+08
0.00324263 4441 6158.5 1.4124e+08
0.00326531 3871 6201.56 1.39118e+08
0.00328798 3285 6244.63 1.37068e+08
0.00331066 2687 6287.7 1.35219e+08
0.00333333 2079 6330.76 1.33931e+08
0.00335601 1462 6373.83 1.319e+08
0.00337868 839 6416.89 1.30341e+08
0.00340136 213 6459.96 1.29063e+08
0.00342404 -413 6503.03 1.27598e+08
0.00344671 -1038 6546.09 1.25677e+08
0.00346939 -1659 6589.16 1.24461e+08
0.00349206 -2273 6632.23 1.22391e+08
0.00351474 -2879 6675.29 1.21316e+08
0.00353742 -3473 6718.36 1.1971e+08
0.00356009 -4054 6761.43 1.18131e+08
0.00358277 -4619 6804.49 1.16879e+08
0.00360544 -5165 6847.56 1.15479e+08
0.00362812 -5691 6890.62 1.14203e+08
0.00365079 -6195 6933.69 1.13164e+08
0.00367347 -6675 6976.76 1.11515e+08
0.00369615 -7128 7019.82 1.10275e+08
0.00371882 -7554 7062.89 1.09324e+08
0.0037415 -7949 7105.96 1.07599e+08
0.00376417 -8314 7149.02 1.06741e+08
0.00378685 -8645 7192.09 1.05554e+08
0.00380952 -8943 7235.16 1.04237e+08
0.0038322 -9206 7278.22 1.03451e+08
0.00385488 -9432 7321.29 1.02092e+08
0.00387755 -9622 7364.36 1.01159e+08
0.00390023 -9774 7407.42 9.99658e+07
0.0039229 -9887 7450.49 9.90031e+07
0.00394558 -9961 7493.55 9.78728e+07
0.00396825 -9996 7536.62 9.69036e+07
0.00399093 -9992 7579.69 9.57254e+07
0.00401361 -9949 7622.75 9.48811e+07
0.00403628 -9867 7665.82 9.38606e+07
0.00405896 -9746 7708.89 9.32084e+07
0.00408163 -9586 7751.95 9.18228e+07
0.00410431 -9389 7795.02 9.08049e+07
0.00412698 -9155 7838.09 8.99502e+07
0.00414966 -8885 7881.15 8.92892e+07
0.00417234 -8580 7924.22 8.84484e+07
0.00419501 -8242 7967.29 8.77424e+07
0.00421769 -7871 8010.35 8.65123e+07
0.00424036 -7469 8053.42 8.58919e+07
0.00426304 -7038 8096.48 8.50553e+07
0.00428571 -6579 8139.55 8.44035e+07
0.00430839 -6094 8182.62 8.33492e+07
0.00433107 -5586 8225.68 8.27903e+07
0.00435374 -5055 8268.75 8.20318e+07
0.00437642 -4504 8311.82 8.11098e+07
0.00439909 -3936 8354.88 8.08671e+07
0.00442177 -3353 8397.95 7.96799e+07
0.00444444 -2756 8441.02 7.89413e+07
0.00446712 -2148 8484.08 7.82011e+07
0.0044898 -1532 8527.15 7.76871e+07
0.00451247 -910 8570.21 7.69521e+07
0.00453515 -284 8613.28 7.61154e+07
0.00455782 341 8656.35 7.5513e+07
0.0045805 967 8699.41 7.48425e+07
0.00460317 1588 8742.48 7.4199e+07
0.00462585 2204 8785.55 7.37197e+07
0.00464853 2811 8828.61 7.31963e+07
0.0046712 3406 8871.68 7.23726e+07
0.00469388 3989 8914.75 7.16971e+07
0.00471655 4555 8957.81 7.11507e+07
0.00473923 5104 9000.88 7.07178e+07
0.0047619 5633 9043.95 7.01021e+07
0.00478458 6139 9087.01 6.93581e+07
0.00480726 6622 9130.08 6.89478e+07
0.00482993 7078 9173.14 6.82869e+07
0.00485261 7507 9216.21 6.78306e+07
0.00487528 7906 9259.28 6.6994e+07
0.00489796 8274 9302.34 6.65274e+07
0.00492063 8609 9345.41 6.60729e+07
0.00494331 8911 9388.48 6.56891e+07
0.00496599 9178 9431.54 6.51643e+07
0.00498866 9409 9474.61 6.46859e+07
0.00501134 9602 9517.68 6.41583e+07
0.00503401 9758 9560.74 6.35716e+07
0.00505669 9876 9603.81 6.31871e+07
0.00507936 9955 9646.88 6.26278e+07
0.00510204 9994 9689.94 6.23689e+07
0.00512472 9995 9733.01 6.18837e+07
0.00514739 9956 9776.07 6.13814e+07
0.00517007 9878 9819.14 6.09085e+07
0.00519274 9761 9862.21 6.04178e+07
0.00521542 9606 9905.27 5.99323e+07
0.0052381 9413 9948.34 5.9737e+07
0.00526077 9184 9991.41 5.92303e+07
0.00528345 8918 10034.5 5.88109e+07
0.00530612 8617 10077.5 5.81967e+07
0.0053288 8282 10120.6 5.79847e+07
0.00535147 7915 10163.7 5.74437e+07
0.00537415 7516 10206.7 5.7156e+07
0.00539683 7088 10249.8 5.66291e+07
0.0054195 6632 10292.9 5.62829e+07
0.00544218 6151 10335.9 5.60393e+07
0.00546485 5644 10379 5.56297e+07
0.00548753 5116 10422.1 5.53477e+07
0.0055102 4568 10465.1 5.48022e+07
0.00553288 4002 10508.2 5.43731e+07
0.00555556 3420 10551.3 5.41234e+07
0.00557823 2824 10594.3 5.37209e+07
0.00560091 2218 10637.4 5.36147e+07
0.00562358 1603 10680.5 5.31475e+07
0.00564626 981 10723.5 5.26459e+07
0.00566893 356 10766.6 5.24878e+07
0.00569161 -270 10809.7 5.20767e+07
0.00571429 -896 10852.7 5.16222e+07
0.00573696 -1518 10895.8 5.1491e+07
0.00575964 -2134 10938.9 5.12442e+07
0.00578231 -2742 10981.9 5.08455e+07
0.00580499 -3339 11025 5.01928e+07
0.00582766 -3923 11068.1 5.00547e+07
0.00585034 -4492 11111.1 4.98047e+07
0.00587302 -5043 11154.2 4.94911e+07
0.00589569 -5574 11197.3 4.92893e+07
0.00591837 -6083 11240.3 4.88559e+07
0.00594104 -6568 11283.4 4.87039e+07
0.00596372 -7028 11326.5 4.83456e+07
0.00598639 -7459 11369.5 4.80339e+07
0.00600907 -7862 11412.6 4.77227e+07
0.00603175 -8234 11455.7 4.7433e+07
0.00605442 -8573 11498.7 4.72295e+07
0.0060771 -8879 11541.8 4.69869e+07
0.00609977 -9149 11584.9 4.67873e+07
0.00612245 -9384 11627.9 4.64993e+07
0.00614512 -9582 11671 4.60002e+07
0.0061678 -9742 11714.1 4.59655e+07
0.00619048 -9864 11757.1 4.56483e+07
0.00621315 -9948 11800.2 4.55199e+07
0.00623583 -9992 11843.3 4.51207e+07
0.0062585 -9997 11886.3 4.5006e+07
0.00628118 -9962 11929.4 4.46386e+07
0.00630385 -9889 11972.5 4.42935e+07
0.00632653 -9777 12015.5 4.43814e+07
0.00634921 -9626 12058.6 4.37764e+07
0.00637188 -9437 12101.7 4.38627e+07
0.00639456 -9212 12144.7 4.34603e+07
0.00641723 -8950 12187.8 4.34189e+07
0.00643991 -8653 12230.9 4.30766e+07
0.00646259 -8322 12273.9 4.28029e+07
0.00648526 -7958 12317 4.26878e+07
0.00650794 -7563 12360.1 4.22661e+07
0.00653061 -7138 12403.1 4.22401e+07
0.00655329 -6686 12446.2 4.19577e+07
0.00657596 -6207 12489.3 4.16735e+07
0.00659864 -5703 12532.3 4.14123e+07
0.00662132 -5177 12575.4 4.1278e+07
0.00664399 -4631 12618.5 4.10921e+07
0.00666667 -4067 12661.5 4.08874e+07
0.00668934 -3487 12704.6 4.07915e+07
0.00671202 -2893 12747.7 4.05689e+07
0.00673469 -2287 12790.7 4.02707e+07
0.00675737 -1673 12833.8 4.02004e+07
0.00678005 -1052 12876.9 3.99185e+07
0.00680272 -427 12919.9 3.97368e+07
0.0068254 199 12963 3.9589e+07
0.00684807 825 13006.1 3.93212e+07
0.00687075 1448 13049.1 3.90385e+07
0.00689342 2065 13092.2 3.90264e+07
0.0069161 2674 13135.3 3.90289e+07
0.00693878 3272 13178.3 3.86086e+07
0.00696145 3858 13221.4 3.84194e+07
0.00698413 4428 13264.5 3.83168e+07
0.0070068 4981 13307.5 3.83417e+07
0.00702948 5514 13350.6 3.80214e+07
0.00705215 6026 13393.7 3.79255e+07
0.00707483 6514 13436.7 3.76239e+07
0.00709751 6977 13479.8 3.74617e+07
0.00712018 7412 13522.9 3.72791e+07
0.00714286 7818 13565.9 3.71044e+07
0.00716553 8193 13609 3.71252e+07
0.00718821 8536 13652.1 3.68773e+07
0.00721088 8846 13695.1 3.6784e+07
0.00723356 9120 13738.2 3.65358e+07
0.00725624 9359 13781.2 3.64597e+07
0.00727891 9561 13824.3 3.62906e+07
0.00730159 9726 13867.4 3.61908e+07
0.00732426 9852 13910.4 3.59517e+07
0.00734694 9940 13953.5 3.58348e+07
0.00736961 9989 13996.6 3.56677e+07
0.00739229 9998 14039.6 3.562e+07
0.00741497 9968 14082.7 3.54873e+07
0.00743764 9899 14125.8 3.5355e+07
0.00746032 9791 14168.8 3.51594e+07
0.00748299 9645 14211.9 3.50368e+07
0.00750567 9460 14255 3.476e+07
0.00752834 9239 14298 3.4867e+07
0.00755102 8981 14341.1 3.46734e+07
0.0075737 8688 14384.2 3.43892e+07
0.00759637 8361 14427.2 3.42853e+07
0.00761905 8001 14470.3 3.41181e+07
0.00764172 7609 14513.4 3.41571e+07
0.0076644 7188 14556.4 3.39729e+07
0.00768707 6738 14599.5 3.3848e+07
0.00770975 6262 14642.6 3.37986e+07
0.00773243 5762 14685.6 3.36522e+07
0.0077551 5238 14728.7 3.35215e+07
0.00777778 4694 14771.8 3.33345e+07
0.00780045 4132 14814.8 3.33476e+07
0.00782313 3553 14857.9 3.31011e+07
0.00784581 2961 14901 3.31166e+07
0.00786848 2357 14944 3.29675e+07
0.00789116 1743 14987.1 3.28912e+07
0.00791383 1123 15030.2 3.26683e+07
0.00793651 498 15073.2 3.26832e+07
0.00795918 -128 15116.3 3.24951e+07
0.00798186 -754 15159.4 3.22939e+07
0.00800453 -1377 15202.4 3.2278e+07
0.00802721 -1995 15245.5 3.21155e+07
0.00804989 -2605 15288.6 3.20442e+07
0.00807256 -3205 15331.6 3.19654e+07
0.00809524 -3792 15374.7 3.1773e+07
0.00811791 -4364 15417.8 3.17605e+07
0.00814059 -4919 15460.8 3.17207e+07
0.00816326 -5455 15503.9 3.15383e+07
0.00818594 -5969 15547 3.13258e+07
0.00820862 -6460 15590 3.13492e+07
0.00823129 -6926 15633.1 3.12602e+07
0.00825397 -7364 15676.2 3.11475e+07
0.00827664 -7773 15719.2 3.11516e+07
0.00829932 -8152 15762.3 3.09526e+07
0.008322 -8499 15805.4 3.07654e+07
0.00834467 -8812 15848.4 3.08215e+07
0.00836735 -9091 15891.5 3.06912e+07
0.00839002 -9334 15934.6 3.06416e+07
0.0084127 -9540 15977.6 3.06625e+07
0.00843537 -9709 16020.7 3.0433e+07
0.00845805 -9840 16063.8 3.03945e+07
0.00848073 -9932 16106.8 3.03565e+07
0.0085034 -9985 16149.9 3.02356e+07
0.00852608 -9999 16193 2.99461e+07
0.00854875 -9974 16236 2.99691e+07
0.00857143 -9909 16279.1 3.01036e+07
0.0085941 -9805 16322.2 2.97685e+07
0.00861678 -9663 16365.2 2.96923e+07
0.00863946 -9483 16408.3 2.96722e+07
0.00866213 -9266 16451.4 2.96685e+07
0.00868481 -9012 16494.4 2.97307e+07
0.00870748 -8723 16537.5 2.94512e+07
0.00873016 -8400 16580.6 2.92989e+07
0.00875283 -8043 16623.6 2.93246e+07
0.00877551 -7655 16666.7 2.91204e+07
0.00879819 -7237 16709.8 2.91985e+07
0.00882086 -6791 16752.8 2.91248e+07
0.00884354 -6318 16795.9 2.90189e+07
0.00886621 -5820 16839 2.89099e+07
0.00888889 -5299 16882 2.88853e+07
0.00891156 -4757 16925.1 2.87772e+07
0.00893424 -4197 16968.2 2.8698e+07
0.00895692 -3620 17011.2 2.87139e+07
0.00897959 -3029 17054.3 2.86745e+07
0.00900227 -2426 17097.4 2.85527e+07
0.00902494 -1813 17140.4 2.86046e+07
0.00904762 -1193 17183.5 2.84625e+07
0.00907029 -569 17226.6 2.83713e+07
0.00909297 56 17269.6 2.81981e+07
0.00911565 683 17312.7 2.81432e+07
0.00913832 1306 17355.8 2.81607e+07
0.009161 1925 17398.8 2.80518e+07
0.00918367 2536 17441.9 2.79836e+07
0.00920635 3137 17485 2.79687e+07
0.00922902 3726 17528 2.79268e+07
0.0092517 4300 17571.1 2.802e+07
0.00927438 4857 17614.2 2.78695e+07
0.00929705 5395 17657.2 2.77666e+07
0.00931973 5912 17700.3 2.77326e+07
0.0093424 6405 17743.4 2.77771e+07
0.00936508 6874 17786.4 2.77209e+07
0.00938775 7315 17829.5 2.76591e+07
0.00941043 7728 17872.6 2.76339e+07
0.00943311 8111 17915.6 2.75209e+07
0.00945578 8461 17958.7 2.74363e+07
0.00947846 8778 18001.8 2.73943e+07
0.00950113 9061 18044.8 2.73814e+07
0.00952381 9308 18087.9 2.71861e+07
0.00954648 9519 18131 2.72593e+07
0.00956916 9692 18174 2.70887e+07
0.00959184 9827 18217.1 2.71413e+07
0.00961451 9924 18260.2 2.71045e+07
0.00963719 9981 18303.2 2.69765e+07
0.00965986 9999 18346.3 2.68978e+07
0.00968254 9978 18389.4 2.69811e+07
0.00970522 9918 18432.4 2.68752e+07
0.00972789 9819 18475.5 2.68846e+07
0.00975057 9681 18518.6 2.68557e+07
0.00977324 9506 18561.6 2.67553e+07
0.00979592 9293 18604.7 2.68005e+07
0.00981859 9043 18647.8 2.68195e+07
0.00984127 8758 18690.8 2.66157e+07
0.00986395 8438 18733.9 2.64948e+07
0.00988662 8086 18777 2.65791e+07
0.0099093 7701 18820 2.65262e+07
0.00993197 7286 18863.1 2.65968e+07
0.00995465 6843 18906.2 2.65884e+07
0.00997732 6373 18949.2 2.64209e+07
0.01 5877 18992.3 2.63784e+07
0.0100227 5359 19035.4 2.643e+07
0.0100454 4820 19078.4 2.63833e+07
0.010068 4261 19121.5 2.62136e+07
0.0100907 3686 19164.6 2.61382e+07
0.0101134 3097 19207.6 2.61227e+07
0.0101361 2495 19250.7 2.61311e+07
0.0101587 1883 19293.8 2.61498e+07
0.0101814 1264 19336.8 2.60791e+07
0.0102041 640 19379.9 2.62054e+07
0.0102268 14 19422.9 2.59516e+07
0.0102494 -612 19466 2.60696e+07
0.0102721 -1236 19509.1 2.59856e+07
0.0102948 -1855 19552.1 2.59674e+07
0.0103175 -2467 19595.2 2.6013e+07
0.0103401 -3069 19638.3 2.59519e+07
0.0103628 -3659 19681.3 2.59454e+07
0.0103855 -4235 19724.4 2.57381e+07
0.0104082 -4794 19767.5 2.5791e+07
0.0104308 -5335 19810.5 2.57371e+07
0.0104535 -5854 19853.6 2.58214e+07
0.0104762 -6351 19896.7 2.58128e+07
0.0104989 -6822 19939.7 2.57586e+07
0.0105215 -7267 19982.8 2.57315e+07
0.0105442 -7683 20025.9 2.56487e+07
0.0105669 -8069 20068.9 2.56654e+07
0.0105896 -8423 20112 2.56711e+07
0.0106122 -8744 20155.1 2.56286e+07
0.0106349 -9031 20198.1 2.56073e+07
0.0106576 -9282 20241.2 2.5558e+07
0.0106803 -9497 20284.3 2.54425e+07
0.0107029 -9674 20327.3 2.561e+07
0.0107256 -9814 20370.4 2.5447e+07
0.0107483 -9915 20413.5 2.54069e+07
0.010771 -9977 20456.5 2.5389e+07
0.0107937 -9999 20499.6 2.54262e+07
0.0108163 -9983 20542.7 2.53756e+07
0.010839 -9927 20585.7 2.53288e+07
0.0108617 -9832 20628.8 2.54275e+07
0.0108844 -9699 20671.9 2.54167e+07
0.010907 -9528 20714.9 2.52787e+07
0.0109297 -9319 20758 2.52757e+07
0.0109524 -9073 20801.1 2.53886e+07
0.0109751 -8792 20844.1 2.52253e+07
0.0109977 -8476 20887.2 2.55052e+07
0.0110204 -8127 20930.3 2.5374e+07
0.0110431 -7746 20973.3 2.53542e+07
0.0110658 -7335 21016.4 2.5328e+07
0.0110884 -6895 21059.5 2.53348e+07
0.0111111 -6427 21102.5 2.52725e+07
0.0111338 -5935 21145.6 2.5202e+07
0.0111565 -5419 21188.7 2.53385e+07
0.0111791 -4882 21231.7 2.52297e+07
0.0112018 -4326 21274.8 2.52699e+07
0.0112245 -3752 21317.9 2.51457e+07
0.0112472 -3164 21360.9 2.52498e+07
0.0112698 -2564 21404 2.51828e+07
0.0112925 -1953 21447.1 2.53153e+07
0.0113152 -1335 21490.1 2.52219e+07
0.0113379 -711 21533.2 2.5267e+07
0.0113605 -85 21576.3 2.52089e+07
0.0113832 541 21619.3 2.51986e+07
0.0114059 1165 21662.4 2.51385e+07
0.0114286 1785 21705.5 2.51663e+07
0.0114512 2398 21748.5 2.51285e+07
0.0114739 3001 21791.6 2.51159e+07
0.0114966 3593 21834.7 2.51311e+07
0.0115193 4171 21877.7 2.52394e+07
0.011542 4732 21920.8 2.5253e+07
0.0115646 5274 21963.9 2.51223e+07
0.0115873 5796 22006.9 2.51013e+07
0.01161 6295 22050 2.501e+07
0.0116327 6770 22093.1 2.51012e+07
0.0116553 7218 22136.1 2.51225e+07
0.011678 7637 22179.2 2.5253e+07
0.0117007 8026 22222.3 2.52396e+07
0.0117234 8384 22265.3 2.51317e+07
0.011746 8709 22308.4 2.51161e+07
0.0117687 9000 22351.5 2.5129e+07
0.0117914 9255 22394.5 2.51672e+07
0.0118141 9474 22437.6 2.51395e+07
0.0118367 9656 22480.7 2.52088e+07
0.0118594 9800 22523.7 2.52063e+07
0.0118821 9905 22566.8 2.52654e+07
0.0119048 9972 22609.9 2.52209e+07
0.0119274 9999 22652.9 2.53145e+07
0.0119501 9987 22696 2.51821e+07
0.0119728 9935 22739.1 2.52492e+07
0.0119955 9845 22782.1 2.51451e+07
0.0120181 9716 22825.2 2.52696e+07
0.0120408 9549 22868.3 2.52292e+07
0.0120635 9344 22911.3 2.53384e+07
0.0120862 9103 22954.4 2.52019e+07
0.0121088 8826 22997.5 2.5271e+07
0.0121315 8514 23040.5 2.53344e+07
0.0121542 8169 23083.6 2.53278e+07
0.0121769 7791 23126.7 2.5354e+07
0.0121995 7383 23169.7 2.5374e+07
0.0122222 6946 23212.8 2.55048e+07
0.0122449 6482 23255.9 2.5225e+07
0.0122676 5992 23298.9 2.53884e+07
0.0122902 5479 23342 2.52753e+07
0.0123129 4944 23385.1 2.52784e+07
0.0123356 4390 23428.1 2.54165e+07
0.0123583 3818 23471.2 2.54275e+07
0.012381 3232 23514.3 2.53286e+07
0.0124036 2632 23557.3 2.53755e+07
0.0124263 2023 23600.4 2.54261e+07
0.012449 1405 23643.5 2.53891e+07
0.0124717 782 23686.5 2.54065e+07
0.0124943 156 23729.6 2.54467e+07
0.012517 -469 23772.7 2.561e+07
0.0125397 -1094 23815.7 2.54425e+07
0.0125624 -1715 23858.8 2.55584e+07
0.012585 -2329 23901.9 2.56072e+07
0.0126077 -2933 23944.9 2.56284e+07
0.0126304 -3527 23988 2.56711e+07
0.0126531 -4106 24031.1 2.56652e+07
0.0126757 -4669 24074.1 2.56488e+07
0.0126984 -5214 24117.2 2.57315e+07
0.0127211 -5738 24160.3 2.57585e+07
0.0127438 -6240 24203.3 2.58125e+07
0.0127664 -6717 24246.4 2.58212e+07
0.0127891 -7168 24289.5 2.57371e+07
0.0128118 -7591 24332.5 2.57914e+07
0.0128345 -7984 24375.6 2.5737e+07
0.0128571 -8345 24418.7 2.59451e+07
0.0128798 -8674 24461.7 2.59518e+07
0.0129025 -8969 24504.8 2.60129e+07
0.0129252 -9228 24547.9 2.5967e+07
0.0129478 -9451 24590.9 2.59855e+07
0.0129705 -9637 24634 2.60695e+07
0.0129932 -9785 24677.1 2.59514e+07
0.0130159 -9895 24720.1 2.62052e+07
0.0130385 -9966 24763.2 2.60791e+07
0.0130612 -9998 24806.2 2.61497e+07
0.0130839 -9990 24849.3 2.6131e+07
0.0131066 -9943 24892.4 2.61227e+07
0.0131293 -9857 24935.4 2.61381e+07
0.0131519 -9733 24978.5 2.62136e+07
0.0131746 -9570 25021.6 2.63832e+07
0.0131973 -9369 25064.6 2.64299e+07
0.01322 -9132 25107.7 2.63783e+07
0.0132426 -8859 25150.8 2.64208e+07
0.0132653 -8551 25193.8 2.65886e+07
0.013288 -8209 25236.9 2.6598e+07
0.0133107 -7836 25280 2.65255e+07
0.0133333 -7431 25323 2.65788e+07
0.013356 -6997 25366.1 2.64946e+07
0.0133787 -6536 25409.2 2.66152e+07
0.0134014 -6049 25452.2 2.68193e+07
0.013424 -5538 25495.3 2.68004e+07
0.0134467 -5006 25538.4 2.67553e+07
0.0134694 -4454 25581.4 2.68557e+07
0.0134921 -3884 25624.5 2.68845e+07
0.0135147 -3299 25667.6 2.68752e+07
0.0135374 -2701 25710.6 2.69812e+07
0.0135601 -2093 25753.7 2.68974e+07
0.0135828 -1476 25796.8 2.69763e+07
0.0136054 -853 25839.8 2.71044e+07
0.0136281 -228 25882.9 2.71412e+07
0.0136508 398 25926 2.70886e+07
0.0136735 1023 25969 2.7259e+07
0.0136961 1645 26012.1 2.7186e+07
0.0137188 2259 26055.2 2.73814e+07
0.0137415 2865 26098.2 2.73942e+07
0.0137642 3460 26141.3 2.74362e+07
0.0137868 4041 26184.4 2.75209e+07
0.0138095 4606 26227.4 2.76339e+07
0.0138322 5153 26270.5 2.76593e+07
0.0138549 5680 26313.6 2.77209e+07
0.0138776 6184 26356.6 2.77771e+07
0.0139002 6664 26399.7 2.77328e+07
0.0139229 7118 26442.8 2.77664e+07
0.0139456 7544 26485.8 2.78694e+07
0.0139683 7941 26528.9 2.802e+07
0.0139909 8306 26572 2.79269e+07
0.0140136 8638 26615 2.79699e+07
0.0140363 8937 26658.1 2.79836e+07
0.014059 9200 26701.2 2.80517e+07
0.0140816 9428 26744.2 2.81609e+07
0.0141043 9618 26787.3 2.81428e+07
0.014127 9770 26830.4 2.81981e+07
0.0141497 9885 26873.4 2.83714e+07
0.0141723 9960 26916.5 2.84626e+07
0.014195 9996 26959.6 2.86049e+07
0.0142177 9993 27002.6 2.85529e+07
0.0142404 9951 27045.7 2.86748e+07
0.014263 9869 27088.8 2.8715e+07
0.0142857 9749 27131.8 2.86937e+07
0.0143084 9590 27174.9 2.87766e+07
0.0143311 9394 27218 2.88848e+07
0.0143537 9161 27261 2.89099e+07
0.0143764 8892 27304.1 2.90189e+07
0.0143991 8588 27347.2 2.91247e+07
0.0144218 8250 27390.2 2.91983e+07
0.0144444 7880 27433.3 2.91203e+07
0.0144671 7478 27476.4 2.93244e+07
0.0144898 7048 27519.4 2.92988e+07
0.0145125 6590 27562.5 2.94512e+07
0.0145351 6106 27605.6 2.97307e+07
0.0145578 5597 27648.6 2.96684e+07
0.0145805 5067 27691.7 2.96722e+07
0.0146032 4517 27734.8 2.96923e+07
0.0146259 3949 27777.8 2.97685e+07
0.0146485 3366 27820.9 3.01034e+07
0.0146712 2770 27864 2.99692e+07
0.0146939 2162 27907 2.99463e+07
0.0147166 1546 27950.1 3.02364e+07
0.0147392 924 27993.2 3.03601e+07
0.0147619 299 28036.2 3.03935e+07
0.0147846 -327 28079.3 3.04322e+07
0.0148073 -953 28122.4 3.06621e+07
0.0148299 -1574 28165.4 3.06413e+07
0.0148526 -2190 28208.5 3.06911e+07
0.0148753 -2797 28251.6 3.08212e+07
0.014898 -3393 28294.6 3.07653e+07
0.0149206 -3975 28337.7 3.09526e+07
0.0149433 -4542 28380.8 3.11516e+07
0.014966 -5092 28423.8 3.11475e+07
0.0149887 -5621 28466.9 3.12603e+07
0.0150113 -6128 28510 3.13481e+07
0.015034 -6611 28553 3.13257e+07
0.0150567 -7068 28596.1 3.15382e+07
0.0150794 -7497 28639.2 3.17207e+07
0.015102 -7897 28682.2 3.17612e+07
0.0151247 -8266 28725.3 3.17727e+07
0.0151474 -8602 28768.4 3.19653e+07
0.0151701 -8905 28811.4 3.20443e+07
0.0151927 -9172 28854.5 3.21153e+07
0.0152154 -9404 28897.6 3.2278e+07
0.0152381 -9598 28940.6 3.22939e+07
0.0152608 -9755 28983.7 3.24951e+07
0.0152834 -9874 29026.8 3.26835e+07
0.0153061 -9953 29069.8 3.26684e+07
0.0153288 -9994 29112.9 3.28912e+07
0.0153515 -9995 29156 3.29677e+07
0.0153741 -9957 29199 3.31163e+07
0.0153968 -9880 29242.1 3.3101e+07
0.0154195 -9764 29285.2 3.33476e+07
0.0154422 -9610 29328.2 3.33348e+07
0.0154649 -9418 29371.3 3.35226e+07
0.0154875 -9189 29414.4 3.36519e+07
0.0155102 -8924 29457.4 3.37985e+07
0.0155329 -8624 29500.5 3.38481e+07
0.0155556 -8290 29543.6 3.39729e+07
0.0155782 -7923 29586.6 3.41572e+07
0.0156009 -7526 29629.7 3.41181e+07
0.0156236 -7098 29672.8 3.42853e+07
0.0156463 -6643 29715.8 3.43894e+07
0.0156689 -6162 29758.9 3.46735e+07
0.0156916 -5656 29802 3.48671e+07
0.0157143 -5129 29845 3.47601e+07
0.015737 -4581 29888.1 3.5035e+07
0.0157596 -4015 29931.2 3.5159e+07
0.0157823 -3433 29974.2 3.53548e+07
0.015805 -2838 30017.3 3.54872e+07
0.0158277 -2232 30060.4 3.56203e+07
0.0158503 -1617 30103.4 3.56677e+07
0.015873 -995 30146.5 3.58346e+07
0.0158957 -370 30189.6 3.59518e+07
0.0159184 256 30232.6 3.61906e+07
0.015941 882 30275.7 3.62905e+07
0.0159637 1504 30318.8 3.64597e+07
0.0159864 2120 30361.8 3.6536e+07
0.0160091 2728 30404.9 3.6784e+07
0.0160317 3326 30447.9 3.68773e+07
0.0160544 3910 30491 3.71253e+07
0.0160771 4479 30534.1 3.71046e+07
0.0160998 5030 30577.1 3.72785e+07
0.0161224 5562 30620.2 3.74616e+07
0.0161451 6071 30663.3 3.76241e+07
0.0161678 6557 30706.3 3.79257e+07
0.0161905 7017 30749.4 3.80231e+07
0.0162132 7450 30792.5 3.83413e+07
0.0162358 7853 30835.5 3.83166e+07
0.0162585 8226 30878.6 3.84192e+07
0.0162812 8566 30921.7 3.86084e+07
0.0163039 8872 30964.7 3.90287e+07
0.0163265 9144 31007.8 3.90263e+07
0.0163492 9379 31050.9 3.90386e+07
0.0163719 9578 31093.9 3.93216e+07
0.0163946 9739 31137 3.95889e+07
0.0164172 9862 31180.1 3.97369e+07
0.0164399 9946 31223.1 3.99186e+07
0.0164626 9991 31266.2 4.01999e+07
0.0164853 9997 31309.3 4.02706e+07
0.0165079 9964 31352.3 4.05689e+07
0.0165306 9891 31395.4 4.07915e+07
0.0165533 9780 31438.5 4.0888e+07
0.016576 9630 31481.5 4.10918e+07
0.0165986 9442 31524.6 4.12779e+07
0.0166213 9217 31567.7 4.14125e+07
0.016644 8956 31610.7 4.16732e+07
0.0166667 8660 31653.8 4.19576e+07
0.0166893 8330 31696.9 4.22401e+07
0.016712 7967 31739.9 4.22664e+07
0.0167347 7572 31783 4.26877e+07
0.0167574 7148 31826.1 4.28029e+07
0.01678 6696 31869.1 4.30768e+07
0.0168027 6218 31912.2 4.34197e+07
0.0168254 5715 31955.3 4.34604e+07
0.0168481 5190 31998.3 4.38629e+07
0.0168707 4644 32041.4 4.37764e+07
0.0168934 4080 32084.5 4.43815e+07
0.0169161 3500 32127.5 4.42943e+07
0.0169388 2906 32170.6 4.46387e+07
0.0169615 2301 32213.7 4.50059e+07
0.0169841 1687 32256.7 4.51211e+07
0.0170068 1066 32299.8 4.55202e+07
0.0170295 441 32342.9 4.56485e+07
0.0170522 -185 32385.9 4.59662e+07
0.0170748 -811 32429 4.60009e+07
0.0170975 -1433 32472.1 4.65e+07
0.0171202 -2051 32515.1 4.6788e+07
0.0171429 -2660 32558.2 4.6988e+07
0.0171655 -3258 32601.3 4.72327e+07
0.0171882 -3844 32644.3 4.74257e+07
0.0172109 -4415 32687.4 4.77206e+07
0.0172336 -4969 32730.5 4.8033e+07
0.0172562 -5502 32773.5 4.83448e+07
0.0172789 -6015 32816.6 4.87041e+07
0.0173016 -6503 32859.7 4.88554e+07
0.0173243 -6966 32902.7 4.92888e+07
0.0173469 -7402 32945.8 4.9491e+07
0.0173696 -7809 32988.9 4.98044e+07
0.0173923 -8185 33031.9 5.00547e+07
0.017415 -8529 33075 5.01928e+07
0.0174376 -8839 33118.1 5.08456e+07
0.0174603 -9115 33161.1 5.12445e+07
0.017483 -9354 33204.2 5.1491e+07
0.0175057 -9557 33247.3 5.16225e+07
0.0175283 -9723 33290.3 5.20772e+07
0.017551 -9850 33333.4 5.2487e+07
0.0175737 -9939 33376.5 5.26465e+07
0.0175964 -9988 33419.5 5.31483e+07
0.017619 -9998 33462.6 5.36173e+07
0.0176417 -9969 33505.7 5.37285e+07
0.0176644 -9901 33548.7 5.41201e+07
0.0176871 -9794 33591.8 5.43716e+07
0.0177098 -9649 33634.9 5.48013e+07
0.0177324 -9465 33677.9 5.53464e+07
0.0177551 -9244 33721 5.56289e+07
0.0177778 -8987 33764.1 5.60387e+07
0.0178005 -8695 33807.1 5.62828e+07
0.0178231 -8369 33850.2 5.66289e+07
0.0178458 -8009 33893.3 5.71557e+07
0.0178685 -7619 33936.3 5.74434e+07
0.0178912 -7198 33979.4 5.7985e+07
0.0179138 -6749 34022.5 5.81949e+07
0.0179365 -6273 34065.5 5.88106e+07
0.0179592 -5773 34108.6 5.923e+07
0.0179819 -5250 34151.7 5.97367e+07
0.0180045 -4707 34194.7 5.99321e+07
0.0180272 -4145 34237.8 6.0417e+07
0.0180499 -3567 34280.9 6.09082e+07
0.0180726 -2974 34323.9 6.13814e+07
0.0180952 -2370 34367 6.18831e+07
0.0181179 -1757 34410.1 6.23684e+07
0.0181406 -1137 34453.1 6.26277e+07
0.0181633 -512 34496.2 6.3187e+07
0.0181859 113 34539.3 6.35716e+07
0.0182086 740 34582.3 6.41579e+07
0.0182313 1363 34625.4 6.46859e+07
0.018254 1981 34668.5 6.51646e+07
0.0182766 2591 34711.5 6.56876e+07
0.0182993 3191 34754.6 6.60727e+07
0.018322 3778 34797.7 6.65273e+07
0.0183447 4351 34840.7 6.69944e+07
0.0183673 4907 34883.8 6.78323e+07
0.01839 5443 34926.9 6.82866e+07
0.0184127 5958 34969.9 6.89477e+07
0.0184354 6449 35013 6.93581e+07
0.018458 6915 35056.1 7.01022e+07
0.0184807 7354 35099.1 7.07176e+07
0.0185034 7764 35142.2 7.11506e+07
0.0185261 8144 35185.3 7.16974e+07
0.0185488 8491 35228.3 7.23729e+07
0.0185714 8805 35271.4 7.31963e+07
0.0185941 9085 35314.5 7.37198e+07
0.0186168 9329 35357.5 7.42e+07
0.0186395 9536 35400.6 7.48373e+07
0.0186621 9706 35443.7 7.55123e+07
0.0186848 9837 35486.7 7.61148e+07
0.0187075 9930 35529.8 7.69518e+07
0.0187302 9984 35572.9 7.76871e+07
0.0187528 9999 35615.9 7.82004e+07
0.0187755 9975 35659 7.89409e+07
0.0187982 9911 35702.1 7.96801e+07
0.0188209 9808 35745.1 8.08666e+07
0.0188435 9667 35788.2 8.11097e+07
0.0188662 9488 35831.2 8.20316e+07
0.0188889 9271 35874.3 8.27903e+07
0.0189116 9018 35917.4 8.33504e+07
0.0189342 8730 35960.4 8.44032e+07
0.0189569 8408 36003.5 8.50556e+07
0.0189796 8052 36046.6 8.58924e+07
0.0190023 7665 36089.6 8.65108e+07
0.0190249 7247 36132.7 8.77424e+07
0.0190476 6801 36175.8 8.84487e+07
0.0190703 6329 36218.8 8.929e+07
0.019093 5831 36261.9 8.99556e+07
0.0191156 5311 36305 9.0803e+07
0.0191383 4770 36348 9.18225e+07
0.019161 4210 36391.1 9.32082e+07
0.0191837 3633 36434.2 9.38598e+07
0.0192063 3042 36477.2 9.48806e+07
0.019229 2440 36520.3 9.57253e+07
0.0192517 1827 36563.4 9.69036e+07
0.0192744 1208 36606.4 9.78741e+07
0.0192971 583 36649.5 9.90029e+07
0.0193197 -42 36692.6 9.9966e+07
0.0193424 -669 36735.6 1.01159e+08
0.0193651 -1292 36778.7 1.0209e+08
0.0193878 -1911 36821.8 1.0345e+08
0.0194104 -2522 36864.8 1.04236e+08
0.0194331 -3123 36907.9 1.05554e+08
0.0194558 -3712 36951 1.06741e+08
0.0194785 -4287 36994 1.07599e+08
0.0195011 -4844 37037.1 1.09324e+08
0.0195238 -5383 37080.2 1.10275e+08
0.0195465 -5900 37123.2 1.11514e+08
0.0195692 -6394 37166.3 1.13164e+08
0.0195918 -6864 37209.4 1.14203e+08
0.0196145 -7306 37252.4 1.15479e+08
0.0196372 -7719 37295.5 1.1688e+08
0.0196599 -8102 37338.6 1.18131e+08
0.0196825 -8453 37381.6 1.1971e+08
0.0197052 -8771 37424.7 1.21317e+08
0.0197279 -9055 37467.8 1.22391e+08
0.0197506 -9303 37510.8 1.24461e+08
0.0197732 -9514 37553.9 1.25677e+08
0.0197959 -9688 37597 1.27598e+08
0.0198186 -9824 37640 1.29066e+08
0.0198413 -9922 37683.1 1.3034e+08
0.0198639 -9980 37726.2 1.31899e+08
0.0198866 -9999 37769.2 1.33931e+08
0.0199093 -9979 37812.3 1.35218e+08
0.019932 -9920 37855.4 1.37068e+08
0.0199546 -9822 37898.4 1.39119e+08
0.0199773 -9685 37941.5 1.41241e+08
0.02 -9510 37984.6 1.42943e+08
0.0200227 -9298 38027.6 1.44517e+08
0.0200454 -9049 38070.7 1.46633e+08
0.020068 -8765 38113.8 1.491e+08
0.0200907 -8446 38156.8 1.51122e+08
0.0201134 -8094 38199.9 1.5307e+08
0.0201361 -7710 38243 1.54993e+08
0.0201587 -7296 38286 1.57395e+08
0.0201814 -6853 38329.1 1.59787e+08
0.0202041 -6384 38372.2 1.62148e+08
0.0202268 -5889 38415.2 1.64603e+08
0.0202494 -5371 38458.3 1.66599e+08
0.0202721 -4832 38501.4 1.69095e+08
0.0202948 -4274 38544.4 1.7156e+08
0.0203175 -3699 38587.5 1.7439e+08
0.0203401 -3110 38630.6 1.77077e+08
0.0203628 -2509 38673.6 1.79718e+08
0.0203855 -1897 38716.7 1.82397e+08
0.0204082 -1278 38759.8 1.85216e+08
0.0204308 -655 38802.8 1.88258e+08
0.0204535 -28 38845.9 1.91462e+08
0.0204762 597 38889 1.94322e+08
0.0204989 1222 38932 1.97549e+08
0.0205215 1841 38975.1 2.00631e+08
0.0205442 2453 39018.2 2.04145e+08
0.0205669 3056 39061.2 2.07378e+08
0.0205896 3646 39104.3 2.11139e+08
0.0206122 4222 39147.4 2.14568e+08
0.0206349 4782 39190.4 2.18e+08
0.0206576 5323 39233.5 2.21705e+08
0.0206803 5843 39276.6 2.26759e+08
0.0207029 6340 39319.6 2.30157e+08
0.0207256 6812 39362.7 2.34121e+08
0.0207483 7257 39405.8 2.38724e+08
0.020771 7674 39448.8 2.42978e+08
0.0207937 8060 39491.9 2.47829e+08
0.0208163 8415 39535 2.51683e+08
0.020839 8737 39578 2.56859e+08
0.0208617 9025 39621.1 2.61618e+08
0.0208844 9277 39664.2 2.66817e+08
0.020907 9492 39707.2 2.71932e+08
0.0209297 9671 39750.3 2.77145e+08
0.0209524 9811 39793.4 2.82739e+08
0.0209751 9913 39836.4 2.88739e+08
0.0209977 9976 39879.5 2.94152e+08
0.0210204 9999 39922.6 3.00393e+08
0.0210431 9984 39965.6 3.07068e+08
0.0210658 9929 40008.7 3.13349e+08
0.0210884 9835 40051.8 3.20158e+08
0.0211111 9702 40094.8 3.27091e+08
0.0211338 9532 40137.9 3.35208e+08
0.0211565 9324 40181 3.41579e+08
0.0211791 9079 40224 3.49306e+08
0.0212018 8799 40267.1 3.57516e+08
0.0212245 8484 40310.2 3.65343e+08
0.0212472 8136 40353.2 3.74774e+08
0.0212698 7755 40396.3 3.82944e+08
0.0212925 7345 40439.4 3.92336e+08
0.0213152 6905 40482.4 4.0193e+08
0.0213379 6438 40525.5 4.11409e+08
0.0213605 5946 40568.6 4.22237e+08
0.0213832 5431 40611.6 4.32438e+08
0.0214059 4894 40654.7 4.43467e+08
0.0214286 4338 40697.8 4.54938e+08
0.0214512 3766 40740.8 4.67147e+08
0.0214739 3178 40783.9 4.80116e+08
0.0214966 2578 40827 4.92663e+08
0.0215193 1967 40870 5.0673e+08
0.0215419 1349 40913.1 5.20286e+08
0.0215646 726 40956.2 5.35636e+08
0.0215873 99 40999.2 5.5045e+08
0.02161 -526 41042.3 5.67791e+08
0.0216327 -1151 41085.4 5.84363e+08
0.0216553 -1771 41128.4 6.02028e+08
0.021678 -2384 41171.5 6.20642e+08
0.0217007 -2988 41214.6 6.40205e+08
0.0217234 -3580 41257.6 6.60414e+08
0.021746 -4158 41300.7 6.81985e+08
0.0217687 -4719 41343.8 7.05139e+08
0.0217914 -5262 41386.8 7.28562e+08
0.0218141 -5785 41429.9 7.53588e+08
0.0218367 -6284 41472.9 7.80027e+08
0.0218594 -6759 41516 8.08792e+08
0.0218821 -7208 41559.1 8.37775e+08
0.0219048 -7628 41602.1 8.69347e+08
0.0219274 -8018 41645.2 9.02227e+08
0.0219501 -8376 41688.3 9.37609e+08
0.0219728 -8702 41731.3 9.75003e+08
0.0219955 -8994 41774.4 1.0127e+09
0.0220181 -9250 41817.5 1.05491e+09
0.0220408 -9470 41860.5 1.10026e+09
0.0220635 -9652 41903.6 1.15297e+09
0.0220862 -9797 41946.7 1.19941e+09
0.0221088 -9903 41989.7 1.25458e+09
0.0221315 -9970 42032.8 1.31377e+09
0.0221542 -9999 42075.9 1.37595e+09
0.0221769 -9987 42118.9 1.44428e+09
0.0221995 -9937 42162 1.51767e+09
0.0222222 -9848 42205.1 1.59766e+09
0.0222449 -9719 42248.1 1.68366e+09
0.0222676 -9553 42291.2 1.77686e+09
0.0222903 -9349 42334.3 1.87813e+09
0.0223129 -9109 42377.3 1.99111e+09
0.0223356 -8832 42420.4 2.11174e+09
0.0223583 -8521 42463.5 2.24547e+09
0.022381 -8177 42506.5 2.39522e+09
0.0224036 -7800 42549.6 2.55922e+09
0.0224263 -7393 42592.7 2.74211e+09
0.022449 -6956 42635.7 2.94541e+09
0.0224717 -6493 42678.8 3.17378e+09
0.0224943 -6004 42721.9 3.43312e+09
0.022517 -5491 42764.9 3.7256e+09
0.0225397 -4956 42808 4.05851e+09
0.0225624 -4403 42851.1 4.44518e+09
0.022585 -3831 42894.1 4.88901e+09
0.0226077 -3245 42937.2 5.40896e+09
0.0226304 -2646 42980.3 6.02587e+09
0.0226531 -2037 43023.3 6.75749e+09
0.0226757 -1420 43066.4 7.64641e+09
0.0226984 -797 43109.5 8.73407e+09
0.0227211 -171 43152.5 1.00931e+10
0.0227438 455 43195.6 1.18181e+10
0.0227664 1080 43238.7 1.40685e+10
0.0227891 1701 43281.7 1.709e+10
0.0228118 2315 43324.8 2.12793e+10
0.0228345 2920 43367.9 2.73637e+10
0.0228571 3513 43410.9 3.67447e+10
0.0228798 4093 43454 5.23654e+10
0.0229025 4656 43497.1 8.15192e+10
0.0229252 5202 43540.1 1.46603e+11
0.0229478 5726 43583.2 3.47442e+11
0.0229705 6229 43626.3 1.7524e+12
0.0229932 6707 43669.3 2.22749e+13
0.0230159 7158 43712.4 6.89711e+11
0.0230385 7581 43755.5 2.03412e+11
0.0230612 7975 43798.5 9.5091e+10
0.0230839 8337 43841.6 5.49541e+10
0.0231066 8667 43884.7 3.61191e+10
0.0231293 8962 43927.7 2.60599e+10
0.0231519 9222 43970.8 2.0321e+10
0.0231746 9446 44013.9 1.70236e+10
0.0231973 9633 44056.9 1.53042e+10
