-0.664279 -0.0377019 0
-0.846289 0.0608939 0
-0.618058 -0.0194046 0
-0.605096 -0.114665 0
-0.546538 -0.101837 0
-0.468442 -0.0658548 0
-0.378516 -0.0888094 0
-0.658569 -0.0849903 0
-0.615432 -0.0653254 0
-0.834301 -0.0945994 0
-0.712043 -0.0553156 0
-0.535118 -0.196414 0
-0.843095 -0.0459436 0
-0.574354 -0.0606565 0
-0.787273 0.118275 0
-0.359037 -0.0367811 0
-0.497451 0.126033 0
-0.609373 0.0374099 0
-0.757289 -0.0133799 0
-0.423196 -0.107791 0
-0.876463 -0.054031 0
-0.427931 -0.000269324 0
-0.343148 -0.0368524 0
-0.597087 0.108537 0
-0.513361 -0.34033 0
-0.889884 -0.00332429 0
-0.541504 0.0172615 0
-0.715127 -0.0539482 0
-0.78202 0.0264333 0
-0.596301 -0.163321 0
-0.714043 -0.0991851 0
-0.781155 0.192137 0
-0.412183 -0.323517 0
-0.479187 -0.137665 0
-0.834301 -0.0945994 0
-0.799609 0.123745 0
-0.90393 0.137173 0
-0.834301 -0.0945994 0
-0.563043 -0.0497629 0
-0.716669 -0.0532645 0
-0.558526 0.0536561 0
-0.983728 0.283941 0
-0.443759 -0.114582 0
-0.37205 0.135076 0
-0.339281 -0.224567 0
-0.733283 0.10428 0
-0.47085 -0.230874 0
-0.552706 -0.0991023 0
-0.653943 -0.0870414 0
-0.725463 -0.00460871 0
-1.0489 -0.0194166 1
-0.659898 -0.0387154 1
-0.981028 -0.039565 1
-0.81985 0.0570742 1
-0.949312 0.0746764 1
-0.60158 -0.281381 1
-0.472746 -0.123683 1
-0.627095 -0.0552216 1
-1.05758 -0.0762311 1
-0.35933 -0.0446573 1
-0.909257 0.0101981 1
-0.51044 0.0113907 1
-1.33471 0.022777 1
-0.704926 -0.20772 1
-0.549109 0.0862309 1
-0.955997 0.0617315 1
-0.314384 -0.227703 1
-0.913049 -0.250694 1
-1.14012 0.221928 1
-0.875731 -0.0782707 1
-0.182924 -0.115925 1
-0.870239 0.0853814 1
-0.990281 -0.0354625 1
-0.87438 -0.325534 1
-0.96314 0.00423324 1
-0.957539 0.0624152 1
-1.16401 -0.00120223 1
-0.807406 0.0316447 1
-0.606424 -0.06839 1
-0.958104 0.0378215 1
-0.884525 -0.0296151 1
-0.946684 -0.056755 1
-0.817741 -0.00452626 1
-0.627288 -0.216291 1
-0.198185 -0.291154 1
-0.253309 -0.155326 1
-0.879334 -0.00707257 1
-1.25564 0.118993 1
-0.453206 -0.186038 1
-0.700567 -0.00774479 1
-0.666822 -0.307154 1
-0.652536 -0.192158 1
-0.87013 -0.0200887 1
-0.744837 0.0089137 1
-0.624878 -0.136782 1
-0.558959 -0.277397 1
-0.563695 -0.169875 1
-0.846941 -0.0592183 1
-0.650503 0.194848 1
-0.630589 -0.0894936 1
0.115691 -0.0713116 2
-0.34637 -0.0544068 2
-0.754909 0.0272472 2
-0.53623 -0.275569 2
-0.358657 -0.0400234 2
-0.994642 -0.149927 2
-0.0960819 -0.137512 2
-1.06646 -0.294115 2
-0.99269 -0.114972 2
-0.221028 0.06902 2
-0.399952 0.0807378 2
-0.680463 0.0400037 2
-0.609619 0.123958 2
-0.359899 0.10177 2
-0.0121961 0.288743 2
-0.162629 0.178404 2
-0.600039 -0.196555 2
-0.513449 -0.350338 2
-1.15974 0.0177439 2
-0.987655 -0.0813833 2
-0.424118 0.145145 2
-0.130126 0.0207878 2
-1.21968 -0.176466 2
-0.706279 0.125054 2
-0.35809 -0.10094 2
-0.851192 -0.279153 2
-0.595789 0.10889 2
-0.411154 -0.0356261 2
-0.489252 0.0139022 2
-1.09479 -0.268614 2
-1.1438 -0.0589236 2
-0.761218 -0.293194 2
-0.434345 0.0890142 2
-0.796852 -0.228635 2
-0.818581 -0.542239 2
-0.97919 0.271882 2
0.0914171 0.0130551 2
-0.482298 -0.26069 2
-0.360307 -0.01938 2
-0.615329 0.171246 2
-0.319906 0.237187 2
-0.527273 0.465386 2
-0.34637 -0.0544068 2
-0.351514 0.0174749 2
-0.138464 0.199507 2
-0.463463 0.386372 2
-0.763403 0.217013 2
-0.511983 0.0975848 2
0.0801063 0.00216103 2
-0.28045 -0.195021 2
