2.82714 5.64133 -0.664279 0
2.79595 5.14517 -0.846289 0
2.62152 5.17738 -0.618058 0
2.76491 5.0036 -0.605096 0
2.78275 5.64865 -0.546538 0
3.23145 6.06251 -0.468442 0
2.69045 5.23262 -0.378516 0
2.88486 5.48513 -0.658569 0
2.62338 4.74393 -0.615432 0
2.8375 5.20803 -0.834301 0
3.00482 5.96666 -0.712043 0
2.8982 5.33624 -0.535118 0
2.72391 5.08698 -0.843095 0
2.28614 4.81144 -0.574354 0
2.8678 6.50092 -0.787273 0
3.12747 6.65948 -0.359037 0
2.88882 6.13281 -0.497451 0
2.86302 5.63386 -0.609373 0
3.31227 6.19397 -0.757289 0
2.924 5.8352 -0.423196 0
3.20081 5.71259 -0.876463 0
2.96811 5.75476 -0.427931 0
2.29549 5.45634 -0.343148 0
3.20821 5.42025 -0.597087 0
3.15517 5.28351 -0.513361 0
3.00343 5.17567 -0.889884 0
3.04229 5.45261 -0.541504 0
2.94895 5.68941 -0.715127 0
2.87152 5.63401 -0.78202 0
2.8785 5.12465 -0.596301 0
2.92288 5.11733 -0.714043 0
3.10127 5.7328 -0.781155 0
2.86371 6.13471 -0.412183 0
2.91418 6.41474 -0.479187 0
2.8375 5.20803 -0.834301 0
2.64434 5.39192 -0.799609 0
2.88612 5.92152 -0.90393 0
2.8375 5.20803 -0.834301 0
2.5295 4.83447 -0.563043 0
2.92102 5.55078 -0.716669 0
2.7412 5.58578 -0.558526 0
2.65913 4.38186 -0.983728 0
2.51305 4.98042 -0.443759 0
3.10583 5.51064 -0.37205 0
3.30251 5.75742 -0.339281 0
2.79568 5.07204 -0.733283 0
2.97377 5.82509 -0.47085 0
2.67102 5.09415 -0.552706 0
2.96866 5.901 -0.653943 0
2.80743 5.42973 -0.725463 0
6.79614 6.00016 -1.0489 1
6.44375 5.63392 -0.659898 1
6.97541 5.81891 -0.981028 1
5.69231 4.48912 -0.81985 1
6.59848 5.39011 -0.949312 1
6.15178 4.8974 -0.60158 1
6.60657 5.59861 -0.472746 1
4.75988 4.31362 -0.627095 1
6.55464 5.54368 -1.05758 1
5.50115 4.59415 -0.35933 1
5.00026 4.05223 -0.909257 1
6.02244 5.21244 -0.51044 1
5.77368 4.76683 -1.33471 1
6.49539 5.19036 -0.704926 1
5.33648 5.06291 -0.549109 1
6.43892 5.78296 -0.955997 1
6.17094 4.96275 -0.314384 1
5.74588 4.9828 -0.913049 1
6.45371 4.7729 -1.14012 1
5.55459 4.73323 -0.875731 1
6.62758 5.23051 -0.182924 1
5.86813 5.2479 -0.870239 1
6.80781 4.98716 -0.990281 1
6.43185 5.13233 -0.87438 1
6.22535 5.4651 -0.96314 1
6.41098 5.64433 -0.957539 1
6.84239 5.55939 -1.16401 1
7.06874 5.58212 -0.807406 1
6.3238 5.15239 -0.606424 1
5.20401 4.94964 -0.958104 1
5.441 4.61219 -0.884525 1
5.31946 4.63723 -0.946684 1
5.64634 5.00301 -0.817741 1
6.89008 4.89352 -0.627288 1
6.09862 4.83144 -0.198185 1
6.31855 5.50978 -0.253309 1
6.73177 5.72276 -0.879334 1
6.32421 4.94404 -1.25564 1
5.75654 5.048 -0.453206 1
5.67586 4.63506 -0.700567 1
5.97438 4.6452 -0.666822 1
6.4015 5.28091 -0.652536 1
5.74022 4.91247 -0.87013 1
4.80426 4.3063 -0.744837 1
5.86688 4.8115 -0.624878 1
5.84247 5.10354 -0.558959 1
5.88658 5.0231 -0.563695 1
6.15303 5.33379 -0.846941 1
4.60288 4.56315 -0.650503 1
5.80915 4.96771 -0.630589 1
8.04307 5.30288 0.115691 2
6.92542 4.7398 -0.34637 2
8.12783 5.65666 -0.754909 2
7.48216 5.1336 -0.53623 2
7.8611 5.27284 -0.358657 2
8.90822 5.86189 -0.994642 2
6.03073 4.12337 -0.0960819 2
8.44335 5.6671 -1.06646 2
7.83102 5.06917 -0.99269 2
8.42948 6.0951 -0.221028 2
7.17328 5.55676 -0.399952 2
7.31368 5.09857 -0.680463 2
7.67672 5.53 -0.609619 2
6.85594 4.53831 -0.359899 2
7.09661 4.77542 -0.0121961 2
7.41609 5.43354 -0.162629 2
7.46059 5.35545 -0.600039 2
9.00011 6.48627 -0.513449 2
9.30603 5.56799 -1.15974 2
6.80967 4.55371 -0.987655 2
7.93951 5.6915 -0.424118 2
6.70944 4.70914 -0.130126 2
9.01061 5.7715 -1.21968 2
6.89901 5.11069 -0.706279 2
7.7872 5.64811 -0.35809 2
8.12554 5.87309 -0.851192 2
6.76897 5.13559 -0.595789 2
6.80201 5.1983 -0.411154 2
7.6342 5.10387 -0.489252 2
7.89891 5.77724 -1.09479 2
8.35231 5.68747 -1.1438 2
8.74369 6.68525 -0.761218 2
7.67008 5.0964 -0.434345 2
6.95445 5.17092 -0.796852 2
7.29098 4.81326 -0.818581 2
8.58787 6.00049 -0.97919 2
7.65633 5.45363 0.0914171 2
7.41621 5.36277 -0.482298 2
6.6802 5.15022 -0.360307 2
7.619 5.6862 -0.615329 2
7.82565 5.49733 -0.319906 2
7.43379 5.72399 -0.527273 2
6.92542 4.7398 -0.34637 2
8.07467 5.5907 -0.351514 2
7.93073 5.61823 -0.138464 2
7.45536 5.50214 -0.463463 2
7.03701 4.9397 -0.763403 2
7.27539 5.39324 -0.511983 2
7.41297 5.4306 0.0801063 2
6.90101 5.03184 -0.28045 2
