5.64133 -0.664279 -0.0377019 0
5.14517 -0.846289 0.0608939 0
5.17738 -0.618058 -0.0194046 0
5.0036 -0.605096 -0.114665 0
5.64865 -0.546538 -0.101837 0
6.06251 -0.468442 -0.0658548 0
5.23262 -0.378516 -0.0888094 0
5.48513 -0.658569 -0.0849903 0
4.74393 -0.615432 -0.0653254 0
5.20803 -0.834301 -0.0945994 0
5.96666 -0.712043 -0.0553156 0
5.33624 -0.535118 -0.196414 0
5.08698 -0.843095 -0.0459436 0
4.81144 -0.574354 -0.0606565 0
6.50092 -0.787273 0.118275 0
6.65948 -0.359037 -0.0367811 0
6.13281 -0.497451 0.126033 0
5.63386 -0.609373 0.0374099 0
6.19397 -0.757289 -0.0133799 0
5.8352 -0.423196 -0.107791 0
5.71259 -0.876463 -0.054031 0
5.75476 -0.427931 -0.000269324 0
5.45634 -0.343148 -0.0368524 0
5.42025 -0.597087 0.108537 0
5.28351 -0.513361 -0.34033 0
5.17567 -0.889884 -0.00332429 0
5.45261 -0.541504 0.0172615 0
5.68941 -0.715127 -0.0539482 0
5.63401 -0.78202 0.0264333 0
5.12465 -0.596301 -0.163321 0
5.11733 -0.714043 -0.0991851 0
5.7328 -0.781155 0.192137 0
6.13471 -0.412183 -0.323517 0
6.41474 -0.479187 -0.137665 0
5.20803 -0.834301 -0.0945994 0
5.39192 -0.799609 0.123745 0
5.92152 -0.90393 0.137173 0
5.20803 -0.834301 -0.0945994 0
4.83447 -0.563043 -0.0497629 0
5.55078 -0.716669 -0.0532645 0
5.58578 -0.558526 0.0536561 0
4.38186 -0.983728 0.283941 0
4.98042 -0.443759 -0.114582 0
5.51064 -0.37205 0.135076 0
5.75742 -0.339281 -0.224567 0
5.07204 -0.733283 0.10428 0
5.82509 -0.47085 -0.230874 0
5.09415 -0.552706 -0.0991023 0
5.901 -0.653943 -0.0870414 0
5.42973 -0.725463 -0.00460871 0
6.00016 -1.0489 -0.0194166 1
5.63392 -0.659898 -0.0387154 1
5.81891 -0.981028 -0.039565 1
4.48912 -0.81985 0.0570742 1
5.39011 -0.949312 0.0746764 1
4.8974 -0.60158 -0.281381 1
5.59861 -0.472746 -0.123683 1
4.31362 -0.627095 -0.0552216 1
5.54368 -1.05758 -0.0762311 1
4.59415 -0.35933 -0.0446573 1
4.05223 -0.909257 0.0101981 1
5.21244 -0.51044 0.0113907 1
4.76683 -1.33471 0.022777 1
5.19036 -0.704926 -0.20772 1
5.06291 -0.549109 0.0862309 1
5.78296 -0.955997 0.0617315 1
4.96275 -0.314384 -0.227703 1
4.9828 -0.913049 -0.250694 1
4.7729 -1.14012 0.221928 1
4.73323 -0.875731 -0.0782707 1
5.23051 -0.182924 -0.115925 1
5.2479 -0.870239 0.0853814 1
4.98716 -0.990281 -0.0354625 1
5.13233 -0.87438 -0.325534 1
5.4651 -0.96314 0.00423324 1
5.64433 -0.957539 0.0624152 1
5.55939 -1.16401 -0.00120223 1
5.58212 -0.807406 0.0316447 1
5.15239 -0.606424 -0.06839 1
4.94964 -0.958104 0.0378215 1
4.61219 -0.884525 -0.0296151 1
4.63723 -0.946684 -0.056755 1
5.00301 -0.817741 -0.00452626 1
4.89352 -0.627288 -0.216291 1
4.83144 -0.198185 -0.291154 1
5.50978 -0.253309 -0.155326 1
5.72276 -0.879334 -0.00707257 1
4.94404 -1.25564 0.118993 1
5.048 -0.453206 -0.186038 1
4.63506 -0.700567 -0.00774479 1
4.6452 -0.666822 -0.307154 1
5.28091 -0.652536 -0.192158 1
4.91247 -0.87013 -0.0200887 1
4.3063 -0.744837 0.0089137 1
4.8115 -0.624878 -0.136782 1
5.10354 -0.558959 -0.277397 1
5.0231 -0.563695 -0.169875 1
5.33379 -0.846941 -0.0592183 1
4.56315 -0.650503 0.194848 1
4.96771 -0.630589 -0.0894936 1
5.30288 0.115691 -0.0713116 2
4.7398 -0.34637 -0.0544068 2
5.65666 -0.754909 0.0272472 2
5.1336 -0.53623 -0.275569 2
5.27284 -0.358657 -0.0400234 2
5.86189 -0.994642 -0.149927 2
4.12337 -0.0960819 -0.137512 2
5.6671 -1.06646 -0.294115 2
5.06917 -0.99269 -0.114972 2
6.0951 -0.221028 0.06902 2
5.55676 -0.399952 0.0807378 2
5.09857 -0.680463 0.0400037 2
5.53 -0.609619 0.123958 2
4.53831 -0.359899 0.10177 2
4.77542 -0.0121961 0.288743 2
5.43354 -0.162629 0.178404 2
5.35545 -0.600039 -0.196555 2
6.48627 -0.513449 -0.350338 2
5.56799 -1.15974 0.0177439 2
4.55371 -0.987655 -0.0813833 2
5.6915 -0.424118 0.145145 2
4.70914 -0.130126 0.0207878 2
5.7715 -1.21968 -0.176466 2
5.11069 -0.706279 0.125054 2
5.64811 -0.35809 -0.10094 2
5.87309 -0.851192 -0.279153 2
5.13559 -0.595789 0.10889 2
5.1983 -0.411154 -0.0356261 2
5.10387 -0.489252 0.0139022 2
5.77724 -1.09479 -0.268614 2
5.68747 -1.1438 -0.0589236 2
6.68525 -0.761218 -0.293194 2
5.0964 -0.434345 0.0890142 2
5.17092 -0.796852 -0.228635 2
4.81326 -0.818581 -0.542239 2
6.00049 -0.97919 0.271882 2
5.45363 0.0914171 0.0130551 2
5.36277 -0.482298 -0.26069 2
5.15022 -0.360307 -0.01938 2
5.6862 -0.615329 0.171246 2
5.49733 -0.319906 0.237187 2
5.72399 -0.527273 0.465386 2
4.7398 -0.34637 -0.0544068 2
5.5907 -0.351514 0.0174749 2
5.61823 -0.138464 0.199507 2
5.50214 -0.463463 0.386372 2
4.9397 -0.763403 0.217013 2
5.39324 -0.511983 0.0975848 2
5.4306 0.0801063 0.00216103 2
5.03184 -0.28045 -0.195021 2
