-4 -40.1542
-3.99 -39.9988
-3.98 -39.8436
-3.97 -39.6886
-3.96 -39.5339
-3.95 -39.3795
-3.94 -39.2252
-3.93 -39.0712
-3.92 -38.9174
-3.91 -38.7639
-3.9 -38.6106
-3.89 -38.4575
-3.88 -38.3047
-3.87 -38.1521
-3.86 -37.9998
-3.85 -37.8477
-3.84 -37.6958
-3.83 -37.5441
-3.82 -37.3927
-3.81 -37.2415
-3.8 -37.0906
-3.79 -36.9399
-3.78 -36.7894
-3.77 -36.6392
-3.76 -36.4892
-3.75 -36.3394
-3.74 -36.1899
-3.73 -36.0406
-3.72 -35.8915
-3.71 -35.7427
-3.7 -35.5941
-3.69 -35.4458
-3.68 -35.2976
-3.67 -35.1498
-3.66 -35.0021
-3.65 -34.8547
-3.64 -34.7075
-3.63 -34.5606
-3.62 -34.4139
-3.61 -34.2674
-3.6 -34.1212
-3.59 -33.9752
-3.58 -33.8294
-3.57 -33.6839
-3.56 -33.5386
-3.55 -33.3936
-3.54 -33.2487
-3.53 -33.1041
-3.52 -32.9598
-3.51 -32.8157
-3.5 -32.6718
-3.49 -32.5282
-3.48 -32.3848
-3.47 -32.2416
-3.46 -32.0987
-3.45 -31.956
-3.44 -31.8135
-3.43 -31.6713
-3.42 -31.5293
-3.41 -31.3875
-3.4 -31.246
-3.39 -31.1047
-3.38 -30.9636
-3.37 -30.8228
-3.36 -30.6822
-3.35 -30.5419
-3.34 -30.4018
-3.33 -30.2619
-3.32 -30.1223
-3.31 -29.9829
-3.3 -29.8437
-3.29 -29.7048
-3.28 -29.5661
-3.27 -29.4276
-3.26 -29.2894
-3.25 -29.1514
-3.24 -29.0136
-3.23 -28.8761
-3.22 -28.7388
-3.21 -28.6018
-3.2 -28.465
-3.19 -28.3284
-3.18 -28.1921
-3.17 -28.0559
-3.16 -27.9201
-3.15 -27.7844
-3.14 -27.649
-3.13 -27.5139
-3.12 -27.3789
-3.11 -27.2443
-3.1 -27.1098
-3.09 -26.9756
-3.08 -26.8416
-3.07 -26.7078
-3.06 -26.5743
-3.05 -26.441
-3.04 -26.308
-3.03 -26.1752
-3.02 -26.0426
-3.01 -25.9103
-3 -25.7782
-2.99 -25.6463
-2.98 -25.5147
-2.97 -25.3833
-2.96 -25.2521
-2.95 -25.1212
-2.94 -24.9905
-2.93 -24.86
-2.92 -24.7298
-2.91 -24.5998
-2.9 -24.4701
-2.89 -24.3406
-2.88 -24.2113
-2.87 -24.0822
-2.86 -23.9534
-2.85 -23.8249
-2.84 -23.6965
-2.83 -23.5684
-2.82 -23.4406
-2.81 -23.3129
-2.8 -23.1855
-2.79 -23.0584
-2.78 -22.9315
-2.77 -22.8048
-2.76 -22.6783
-2.75 -22.5521
-2.74 -22.4261
-2.73 -22.3004
-2.72 -22.1749
-2.71 -22.0496
-2.7 -21.9246
-2.69 -21.7998
-2.68 -21.6752
-2.67 -21.5509
-2.66 -21.4268
-2.65 -21.3029
-2.64 -21.1793
-2.63 -21.0559
-2.62 -20.9327
-2.61 -20.8098
-2.6 -20.6871
-2.59 -20.5647
-2.58 -20.4425
-2.57 -20.3205
-2.56 -20.1987
-2.55 -20.0772
-2.54 -19.956
-2.53 -19.8349
-2.52 -19.7141
-2.51 -19.5936
-2.5 -19.4732
-2.49 -19.3531
-2.48 -19.2333
-2.47 -19.1137
-2.46 -18.9943
-2.45 -18.8751
-2.44 -18.7562
-2.43 -18.6375
-2.42 -18.5191
-2.41 -18.4009
-2.4 -18.2829
-2.39 -18.1652
-2.38 -18.0477
-2.37 -17.9304
-2.36 -17.8134
-2.35 -17.6966
-2.34 -17.58
-2.33 -17.4637
-2.32 -17.3476
-2.31 -17.2317
-2.3 -17.1161
-2.29 -17.0007
-2.28 -16.8856
-2.27 -16.7707
-2.26 -16.656
-2.25 -16.5415
-2.24 -16.4273
-2.23 -16.3134
-2.22 -16.1996
-2.21 -16.0861
-2.2 -15.9729
-2.19 -15.8598
-2.18 -15.7471
-2.17 -15.6345
-2.16 -15.5222
-2.15 -15.4101
-2.14 -15.2982
-2.13 -15.1866
-2.12 -15.0752
-2.11 -14.9641
-2.1 -14.8532
-2.09 -14.7425
-2.08 -14.6321
-2.07 -14.5219
-2.06 -14.4119
-2.05 -14.3022
-2.04 -14.1927
-2.03 -14.0834
-2.02 -13.9744
-2.01 -13.8656
-2 -13.757
-1.99 -13.6487
-1.98 -13.5406
-1.97 -13.4328
-1.96 -13.3252
-1.95 -13.2178
-1.94 -13.1107
-1.93 -13.0038
-1.92 -12.8971
-1.91 -12.7906
-1.9 -12.6844
-1.89 -12.5785
-1.88 -12.4728
-1.87 -12.3673
-1.86 -12.262
-1.85 -12.157
-1.84 -12.0522
-1.83 -11.9476
-1.82 -11.8433
-1.81 -11.7392
-1.8 -11.6354
-1.79 -11.5318
-1.78 -11.4284
-1.77 -11.3253
-1.76 -11.2224
-1.75 -11.1197
-1.74 -11.0173
-1.73 -10.9151
-1.72 -10.8131
-1.71 -10.7114
-1.7 -10.6099
-1.69 -10.5087
-1.68 -10.4076
-1.67 -10.3069
-1.66 -10.2063
-1.65 -10.106
-1.64 -10.0059
-1.63 -9.90607
-1.62 -9.80647
-1.61 -9.7071
-1.6 -9.60796
-1.59 -9.50906
-1.58 -9.4104
-1.57 -9.31197
-1.56 -9.21378
-1.55 -9.11582
-1.54 -9.0181
-1.53 -8.92061
-1.52 -8.82336
-1.51 -8.72635
-1.5 -8.62957
-1.49 -8.53302
-1.48 -8.43671
-1.47 -8.34064
-1.46 -8.2448
-1.45 -8.1492
-1.44 -8.05383
-1.43 -7.9587
-1.42 -7.86381
-1.41 -7.76914
-1.4 -7.67472
-1.39 -7.58053
-1.38 -7.48658
-1.37 -7.39286
-1.36 -7.29937
-1.35 -7.20613
-1.34 -7.11311
-1.33 -7.02034
-1.32 -6.9278
-1.31 -6.83549
-1.3 -6.74342
-1.29 -6.65159
-1.28 -6.55999
-1.27 -6.46862
-1.26 -6.37749
-1.25 -6.2866
-1.24 -6.19594
-1.23 -6.10552
-1.22 -6.01534
-1.21 -5.92539
-1.2 -5.83567
-1.19 -5.74619
-1.18 -5.65695
-1.17 -5.56794
-1.16 -5.47916
-1.15 -5.39063
-1.14 -5.30232
-1.13 -5.21426
-1.12 -5.12643
-1.11 -5.03883
-1.1 -4.95147
-1.09 -4.86435
-1.08 -4.77746
-1.07 -4.6908
-1.06 -4.60438
-1.05 -4.5182
-1.04 -4.43225
-1.03 -4.34654
-1.02 -4.26106
-1.01 -4.17582
-1 -4.09082
-0.990003 -4.00605
-0.980003 -3.92151
-0.970003 -3.83721
-0.960003 -3.75315
-0.950003 -3.66932
-0.940003 -3.58573
-0.930003 -3.50237
-0.920003 -3.41925
-0.910003 -3.33637
-0.900003 -3.25372
-0.890003 -3.1713
-0.880003 -3.08912
-0.870003 -3.00718
-0.860003 -2.92547
-0.850003 -2.844
-0.840003 -2.76276
-0.830003 -2.68176
-0.820003 -2.60099
-0.810003 -2.52046
-0.800003 -2.44016
-0.790003 -2.3601
-0.780003 -2.28028
-0.770003 -2.20069
-0.760003 -2.12133
-0.750003 -2.04222
-0.740003 -1.96333
-0.730003 -1.88469
-0.720003 -1.80627
-0.710003 -1.7281
-0.700003 -1.65016
-0.690003 -1.57245
-0.680003 -1.49498
-0.670003 -1.41775
-0.660003 -1.34075
-0.650003 -1.26399
-0.640003 -1.18746
-0.630003 -1.11117
-0.620003 -1.03511
-0.610003 -0.959287
-0.600003 -0.883701
-0.590003 -0.808351
-0.580003 -0.733236
-0.570003 -0.658357
-0.560003 -0.583713
-0.550003 -0.509304
-0.540003 -0.435131
-0.530003 -0.361194
-0.520003 -0.287492
-0.510003 -0.214025
-0.500003 -0.140794
-0.490003 -0.0677989
-0.480003 0.00496109
-0.470003 0.0774856
-0.460003 0.149775
-0.450003 0.221828
-0.440003 0.293646
-0.430003 0.365229
-0.420003 0.436576
-0.410003 0.507687
-0.400003 0.578563
-0.390003 0.649204
-0.380003 0.719609
-0.370003 0.789779
-0.360003 0.859713
-0.350003 0.929411
-0.340003 0.998875
-0.330003 1.0681
-0.320004 1.13709
-0.310004 1.20585
-0.300004 1.27437
-0.290004 1.34266
-0.280004 1.41071
-0.270004 1.47852
-0.260004 1.5461
-0.250004 1.61345
-0.240004 1.68055
-0.230004 1.74743
-0.220004 1.81406
-0.210004 1.88047
-0.200004 1.94663
-0.190004 2.01256
-0.180004 2.07826
-0.170004 2.14372
-0.160004 2.20894
-0.150004 2.27393
-0.140004 2.33869
-0.130004 2.4032
-0.120004 2.46749
-0.110004 2.53153
-0.100004 2.59534
-0.0900035 2.65892
-0.0800035 2.72226
-0.0700035 2.78537
-0.0600035 2.84824
-0.0500035 2.91087
-0.0400035 2.97327
-0.0300035 3.03543
-0.0200035 3.09736
-0.0100035 3.15905
-3.52018e-06 3.22051
0.00999648 3.28173
0.0199965 3.34271
0.0299965 3.40346
0.0399965 3.46398
0.0499965 3.52426
0.0599965 3.5843
0.0699965 3.64411
0.0799965 3.70368
0.0899965 3.76302
0.0999965 3.82212
0.109996 3.88099
0.119996 3.93962
0.129996 3.99801
0.139996 4.05617
0.149996 4.1141
0.159996 4.17178
0.169997 4.22924
0.179997 4.28646
0.189997 4.34344
0.199997 4.40018
0.209997 4.4567
0.219997 4.51297
0.229997 4.56901
0.239997 4.62482
0.249997 4.68039
0.259997 4.73572
0.269997 4.79082
0.279997 4.84568
0.289997 4.90031
0.299996 4.9547
0.309996 5.00886
0.319996 5.06278
0.329996 5.11646
0.339996 5.16991
0.349996 5.22313
0.359996 5.27611
0.369996 5.32885
0.379996 5.38136
0.389996 5.43363
0.399996 5.48567
0.409996 5.53747
0.419996 5.58903
0.429996 5.64036
0.439996 5.69146
0.449996 5.74232
0.459996 5.79294
0.469996 5.84333
0.479996 5.89348
0.489996 5.9434
0.499996 5.99308
0.509996 6.04253
0.519996 6.09174
0.529996 6.14072
0.539996 6.18946
0.549996 6.23796
0.559996 6.28623
0.569996 6.33426
0.579996 6.38206
0.589996 6.42962
0.599996 6.47695
0.609996 6.52404
0.619996 6.5709
0.629996 6.61752
0.639996 6.6639
0.649996 6.71005
0.659996 6.75597
0.669996 6.80165
0.679996 6.84709
0.689996 6.8923
0.699996 6.93727
0.709996 6.98201
0.719996 7.02651
0.729996 7.07077
0.739996 7.1148
0.749996 7.1586
0.759996 7.20216
0.769996 7.24548
0.779996 7.28857
0.789996 7.33142
0.799996 7.37404
0.809996 7.41642
0.819996 7.45857
0.829996 7.50048
0.839996 7.54215
0.849996 7.58359
0.859996 7.6248
0.869996 7.66577
0.879996 7.7065
0.889996 7.747
0.899996 7.78726
0.909996 7.82729
0.919996 7.86708
0.929996 7.90663
0.939996 7.94595
0.949996 7.98504
0.959996 8.02389
0.969996 8.0625
0.979996 8.10088
0.989996 8.13902
0.999996 8.17693
1.01 8.2146
1.02 8.25204
1.03 8.28924
1.04 8.32621
1.05 8.36294
1.06 8.39943
1.07 8.43569
1.08 8.47171
1.09 8.5075
1.1 8.54305
1.11 8.57837
1.12 8.61345
1.13 8.6483
1.14 8.68291
1.15 8.71729
1.16 8.75143
1.17 8.78533
1.18 8.819
1.19 8.85243
1.2 8.88563
1.21 8.91859
1.22 8.95132
1.23 8.98381
1.24 9.01606
1.25 9.04808
1.26 9.07987
1.27 9.11142
1.28 9.14273
1.29 9.17381
1.3 9.20465
1.31 9.23526
1.32 9.26563
1.33 9.29577
1.34 9.32567
1.35 9.35534
1.36 9.38477
1.37 9.41396
1.38 9.44292
1.39 9.47164
1.4 9.50013
1.41 9.52838
1.42 9.5564
1.43 9.58418
1.44 9.61173
1.45 9.63904
1.46 9.66611
1.47 9.69295
1.48 9.71956
1.49 9.74592
1.5 9.77206
1.51 9.79795
1.52 9.82362
1.53 9.84904
1.54 9.87423
1.55 9.89919
1.56 9.92391
1.57 9.94839
1.58 9.97264
1.59 9.99666
1.6 10.0204
1.61 10.044
1.62 10.0673
1.63 10.0904
1.64 10.1132
1.65 10.1358
1.66 10.1582
1.67 10.1803
1.68 10.2022
1.69 10.2238
1.7 10.2453
1.71 10.2665
1.72 10.2874
1.73 10.3081
1.74 10.3286
1.75 10.3488
1.76 10.3689
1.77 10.3886
1.78 10.4082
1.79 10.4275
1.8 10.4465
1.81 10.4654
1.82 10.484
1.83 10.5023
1.84 10.5205
1.85 10.5384
1.86 10.556
1.86999 10.5734
1.87999 10.5906
1.88999 10.6076
1.89999 10.6243
1.90999 10.6408
1.91999 10.657
1.92999 10.673
1.93999 10.6888
1.94999 10.7043
1.95999 10.7196
1.96999 10.7347
1.97999 10.7495
1.98999 10.7641
1.99999 10.7785
2.00999 10.7926
2.01999 10.8065
2.02999 10.8201
2.03999 10.8335
2.04999 10.8467
2.05999 10.8597
2.06999 10.8724
2.07999 10.8848
2.08999 10.8971
2.09999 10.9091
2.10999 10.9209
2.11999 10.9324
2.12999 10.9437
2.13999 10.9547
2.14999 10.9656
2.15999 10.9762
2.16999 10.9865
2.17999 10.9966
2.18999 11.0065
2.19999 11.0162
2.20999 11.0256
2.21999 11.0348
2.22999 11.0437
2.23999 11.0524
2.24999 11.0609
2.25999 11.0691
2.26999 11.0771
2.27999 11.0849
2.28999 11.0924
2.29999 11.0997
2.30999 11.1068
2.31999 11.1136
2.32999 11.1202
2.33999 11.1265
2.34999 11.1326
2.35999 11.1385
2.36999 11.1442
2.37999 11.1496
2.38999 11.1548
2.39999 11.1597
2.40999 11.1644
2.41999 11.1689
2.42999 11.1731
2.43999 11.1771
2.44999 11.1809
2.45999 11.1844
2.46999 11.1877
2.47999 11.1907
2.48999 11.1935
2.49999 11.1961
2.50999 11.1985
2.51999 11.2006
2.52999 11.2025
2.53999 11.2041
2.54999 11.2055
2.55999 11.2067
2.56999 11.2076
2.57999 11.2083
2.58999 11.2088
2.59999 11.209
2.60999 11.209
2.61999 11.2088
2.62999 11.2083
2.63999 11.2076
2.64999 11.2066
2.65999 11.2054
2.66999 11.204
2.67999 11.2024
2.68999 11.2005
2.69999 11.1984
2.70999 11.196
2.71999 11.1934
2.72999 11.1906
2.73999 11.1875
2.74999 11.1842
2.75999 11.1807
2.76999 11.1769
2.77999 11.1729
2.78999 11.1686
2.79999 11.1641
2.80999 11.1594
2.81999 11.1545
2.82999 11.1493
2.83999 11.1439
2.84999 11.1382
2.85999 11.1323
2.86999 11.1262
2.87999 11.1198
2.88999 11.1132
2.89999 11.1064
2.90999 11.0993
2.91999 11.092
2.92999 11.0845
2.93999 11.0767
2.94999 11.0687
2.95999 11.0604
2.96999 11.0519
2.97999 11.0432
2.98999 11.0343
2.99999 11.0251
3.00999 11.0157
3.01999 11.006
3.02999 10.9961
3.03999 10.986
3.04999 10.9756
3.05999 10.965
3.06999 10.9542
3.07999 10.9431
3.08999 10.9318
3.09999 10.9202
3.10999 10.9084
3.11999 10.8964
3.12999 10.8842
3.13999 10.8717
3.14999 10.859
3.15999 10.846
3.16999 10.8328
3.17999 10.8194
3.18999 10.8057
3.19999 10.7918
3.20999 10.7777
3.21999 10.7633
3.22999 10.7487
3.23999 10.7339
3.24999 10.7188
3.25999 10.7035
3.26999 10.6879
3.27999 10.6721
3.28999 10.6561
3.29999 10.6399
3.30999 10.6234
3.31999 10.6066
3.32999 10.5897
3.33999 10.5725
3.34999 10.5551
3.35999 10.5374
3.36999 10.5195
3.37999 10.5013
3.38999 10.483
3.39999 10.4644
3.40999 10.4455
3.41999 10.4264
3.42999 10.4071
3.43999 10.3876
3.44999 10.3678
3.45999 10.3478
3.46999 10.3275
3.47999 10.307
3.48999 10.2863
3.49999 10.2653
3.50999 10.2441
3.51999 10.2227
3.52999 10.201
3.53999 10.1791
3.54999 10.157
3.55999 10.1346
3.56999 10.112
3.57999 10.0891
3.58999 10.066
3.59999 10.0427
3.60999 10.0192
3.61999 9.99536
3.62999 9.97133
3.63999 9.94707
3.64999 9.92258
3.65999 9.89784
3.66999 9.87287
3.67999 9.84767
3.68999 9.82223
3.69999 9.79656
3.70999 9.77065
3.71999 9.7445
3.72999 9.71812
3.73999 9.6915
3.74999 9.66465
3.75999 9.63756
3.76999 9.61024
3.77999 9.58268
3.78999 9.55489
3.79999 9.52686
3.80999 9.49859
3.81999 9.47009
3.82999 9.44135
3.83999 9.41238
3.84999 9.38318
3.85999 9.35373
3.86999 9.32405
3.87999 9.29414
3.88999 9.26399
3.89999 9.23361
3.90999 9.20299
3.91999 9.17213
3.92999 9.14104
3.93999 9.10971
3.94999 9.07815
3.95999 9.04635
3.96999 9.01432
3.97999 8.98205
3.98999 8.94955
3.99999 8.91681
4.00999 8.88383
4.01999 8.85062
4.02999 8.81718
4.03999 8.78349
4.04999 8.74958
4.05999 8.71542
4.06999 8.68103
4.07999 8.64641
4.08999 8.61155
4.1 8.57646
4.11 8.54112
4.12 8.50556
4.13 8.46976
4.14 8.43372
4.15 8.39745
4.16 8.36094
4.17 8.32419
4.18 8.28722
4.19 8.25
4.2 8.21255
4.21 8.17486
4.22 8.13694
4.23 8.09879
4.24 8.06039
4.25 8.02177
4.26 7.9829
4.27 7.9438
4.28 7.90447
4.29 7.8649
4.3 7.8251
4.31 7.78505
4.32 7.74478
4.33 7.70427
4.34 7.66352
4.35 7.62254
4.36 7.58132
4.37 7.53986
4.38 7.49817
4.39 7.45625
4.4 7.41409
4.41 7.37169
4.42 7.32906
4.43 7.2862
4.44 7.24309
4.45 7.19976
4.46 7.15618
4.47 7.11237
4.48 7.06833
4.49 7.02405
4.5 6.97953
4.51 6.93478
4.52 6.8898
4.53 6.84458
4.54001 6.79912
4.55001 6.75343
4.56001 6.7075
4.57001 6.66133
4.58001 6.61493
4.59001 6.5683
4.60001 6.52143
4.61001 6.47432
4.62001 6.42698
4.63001 6.3794
4.64001 6.33159
4.65001 6.28354
4.66001 6.23526
4.67001 6.18674
4.68001 6.13799
4.69001 6.089
4.70001 6.03977
4.71001 5.99031
4.72001 5.94062
4.73001 5.89068
4.74001 5.84052
4.75001 5.79011
4.76001 5.73948
4.77001 5.6886
4.78001 5.63749
4.79001 5.58615
4.80001 5.53457
4.81001 5.48275
4.82001 5.4307
4.83001 5.37841
4.84001 5.32589
4.85001 5.27313
4.86001 5.22014
4.87001 5.16691
4.88001 5.11345
4.89001 5.05975
4.90001 5.00581
4.91001 4.95164
4.92001 4.89723
4.93001 4.84259
4.94001 4.78771
4.95001 4.7326
4.96001 4.67725
4.97002 4.62167
4.98002 4.56585
4.99002 4.5098
5.00002 4.45351
5.01002 4.39698
5.02002 4.34022
5.03002 4.28322
5.04002 4.22599
5.05002 4.16852
5.06002 4.11082
5.07002 4.05288
5.08002 3.9947
5.09002 3.93629
5.10002 3.87765
5.11002 3.81877
5.12002 3.75965
5.13002 3.7003
5.14002 3.64071
5.15002 3.58089
5.16002 3.52083
5.17002 3.46054
5.18002 3.40001
5.19002 3.33924
5.20002 3.27824
5.21002 3.21701
5.22002 3.15554
5.23002 3.09383
5.24002 3.03189
5.25002 2.96971
5.26002 2.9073
5.27002 2.84465
5.28002 2.78176
5.29002 2.71864
5.30002 2.65529
5.31002 2.5917
5.32002 2.52787
5.33002 2.46381
5.34002 2.39951
5.35002 2.33498
5.36002 2.27021
5.37002 2.2052
5.38002 2.13997
5.39002 2.07449
5.40002 2.00878
5.41003 1.94283
5.42003 1.87665
5.43003 1.81024
5.44003 1.74358
5.45003 1.6767
5.46003 1.60957
5.47003 1.54221
5.48003 1.47462
5.49003 1.40679
5.50003 1.33872
5.51003 1.27042
5.52003 1.20189
5.53003 1.13311
5.54003 1.06411
5.55003 0.994864
5.56003 0.925385
5.57003 0.855672
5.58003 0.785722
5.59003 0.715537
5.60003 0.645117
5.61003 0.574461
5.62003 0.503569
5.63003 0.432442
5.64003 0.36108
5.65003 0.289482
5.66003 0.217649
5.67003 0.14558
5.68003 0.0732753
5.69003 0.000735411
5.70003 -0.07204
5.71003 -0.145051
5.72003 -0.218297
5.73003 -0.291779
5.74003 -0.365497
5.75003 -0.43945
5.76003 -0.513638
5.77003 -0.588062
5.78003 -0.662722
5.79003 -0.737616
5.80003 -0.812747
5.81003 -0.888113
5.82003 -0.963714
5.83003 -1.03955
5.84003 -1.11562
5.85004 -1.19193
5.86004 -1.26848
5.87004 -1.34525
5.88004 -1.42227
5.89004 -1.49952
5.90004 -1.577
5.91004 -1.65472
5.92004 -1.73268
5.93004 -1.81087
5.94004 -1.8893
5.95004 -1.96796
5.96004 -2.04686
5.97004 -2.126
5.98004 -2.20537
5.99004 -2.28497
6.00004 -2.36481
6.01004 -2.44489
6.02004 -2.5252
6.03004 -2.60575
6.04004 -2.68653
6.05004 -2.76755
6.06004 -2.8488
6.07004 -2.93029
6.08004 -3.01201
6.09004 -3.09397
6.10004 -3.17617
6.11004 -3.2586
6.12004 -3.34127
6.13004 -3.42417
6.14004 -3.50731
6.15004 -3.59068
6.16004 -3.67429
6.17004 -3.75813
6.18004 -3.84221
6.19004 -3.92653
6.20004 -4.01108
6.21004 -4.09586
6.22004 -4.18088
6.23004 -4.26614
6.24004 -4.35163
6.25004 -4.43736
6.26004 -4.52332
6.27004 -4.60952
6.28005 -4.69596
6.29005 -4.78263
6.30005 -4.86953
6.31005 -4.95667
6.32005 -5.04405
6.33005 -5.13166
6.34005 -5.21951
6.35005 -5.30759
6.36005 -5.39591
6.37005 -5.48447
6.38005 -5.57326
6.39005 -5.66228
6.40005 -5.75154
6.41005 -5.84104
6.42005 -5.93077
6.43005 -6.02074
6.44005 -6.11094
6.45005 -6.20138
6.46005 -6.29205
6.47005 -6.38296
6.48005 -6.4741
6.49005 -6.56548
6.50005 -6.6571
6.51005 -6.74895
6.52005 -6.84104
6.53005 -6.93336
6.54005 -7.02592
6.55005 -7.11871
6.56005 -7.21174
6.57005 -7.305
6.58005 -7.3985
6.59005 -7.49224
6.60005 -7.58621
6.61005 -7.68041
6.62005 -7.77485
6.63005 -7.86953
6.64005 -7.96444
6.65005 -8.05959
6.66005 -8.15497
6.67005 -8.25059
6.68005 -8.34645
6.69005 -8.44254
6.70005 -8.53886
6.71005 -8.63543
6.72006 -8.73222
6.73006 -8.82925
6.74006 -8.92652
6.75006 -9.02402
6.76006 -9.12176
6.77006 -9.21974
6.78006 -9.31795
6.79006 -9.41639
6.80006 -9.51507
6.81006 -9.61399
6.82006 -9.71314
6.83006 -9.81253
6.84006 -9.91215
6.85006 -10.012
6.86006 -10.1121
6.87006 -10.2124
6.88006 -10.313
6.89006 -10.4138
6.90006 -10.5148
6.91006 -10.6161
6.92006 -10.7176
6.93006 -10.8193
6.94006 -10.9213
6.95006 -11.0235
6.96006 -11.126
6.97006 -11.2287
6.98006 -11.3316
6.99006 -11.4347
7.00006 -11.5381
7.01006 -11.6418
7.02006 -11.7456
7.03006 -11.8497
7.04006 -11.9541
7.05006 -12.0586
7.06006 -12.1634
7.07006 -12.2685
7.08006 -12.3737
7.09006 -12.4793
7.10006 -12.585
7.11006 -12.691
7.12006 -12.7972
7.13006 -12.9036
7.14006 -13.0103
7.15006 -13.1173
7.16007 -13.2244
7.17007 -13.3318
7.18007 -13.4394
7.19007 -13.5473
7.20007 -13.6554
7.21007 -13.7637
7.22007 -13.8723
7.23007 -13.9811
7.24007 -14.0902
7.25007 -14.1994
7.26007 -14.309
7.27007 -14.4187
7.28007 -14.5287
7.29007 -14.6389
7.30007 -14.7494
7.31007 -14.8601
7.32007 -14.971
7.33007 -15.0821
7.34007 -15.1935
7.35007 -15.3052
7.36007 -15.417
7.37007 -15.5291
7.38007 -15.6415
7.39007 -15.7541
7.40007 -15.8669
7.41007 -15.9799
7.42007 -16.0932
7.43007 -16.2067
7.44007 -16.3205
7.45007 -16.4345
7.46007 -16.5487
7.47007 -16.6631
7.48007 -16.7778
7.49007 -16.8928
7.50007 -17.0079
7.51007 -17.1233
7.52007 -17.239
7.53007 -17.3548
7.54007 -17.4709
7.55007 -17.5873
7.56007 -17.7039
7.57007 -17.8207
7.58007 -17.9377
7.59008 -18.055
7.60008 -18.1725
7.61008 -18.2903
7.62008 -18.4083
7.63008 -18.5265
7.64008 -18.645
7.65008 -18.7637
7.66008 -18.8826
7.67008 -19.0018
7.68008 -19.1212
7.69008 -19.2408
7.70008 -19.3607
7.71008 -19.4808
7.72008 -19.6012
7.73008 -19.7217
7.74008 -19.8426
7.75008 -19.9636
7.76008 -20.0849
7.77008 -20.2064
7.78008 -20.3282
7.79008 -20.4502
7.80008 -20.5724
7.81008 -20.6949
7.82008 -20.8176
7.83008 -20.9405
7.84008 -21.0637
7.85008 -21.1871
7.86008 -21.3107
7.87008 -21.4346
7.88008 -21.5587
7.89008 -21.6831
7.90008 -21.8077
7.91008 -21.9325
7.92008 -22.0575
7.93008 -22.1828
7.94008 -22.3084
7.95008 -22.4341
7.96008 -22.5601
7.97008 -22.6864
7.98008 -22.8128
7.99008 -22.9395
