0 0 -0
0.01 -0.2 -0.199667
0.02 -0.398 -0.397339
0.03 -0.59202 -0.59104
0.04 -0.78012 -0.778837
0.05 -0.960418 -0.958851
0.06 -1.13111 -1.12928
0.07 -1.2905 -1.28844
0.08 -1.43697 -1.43471
0.09 -1.56908 -1.56665
0.1 -1.6855 -1.68294
0.11 -1.78506 -1.78241
0.12 -1.86678 -1.86408
0.13 -1.92982 -1.92712
0.14 -1.97357 -1.9709
0.15 -1.99758 -1.99499
0.16 -2.00161 -1.99915
0.17 -1.98563 -1.98333
0.18 -1.94979 -1.9477
0.19 -1.89446 -1.8926
0.2 -1.82018 -1.81859
0.21 -1.7277 -1.72642
0.22 -1.61794 -1.61699
0.23 -1.492 -1.49141
0.24 -1.35114 -1.35093
0.25 -1.19677 -1.19694
0.26 -1.03043 -1.031
0.27 -0.853792 -0.85476
0.28 -0.668613 -0.669976
0.29 -0.476747 -0.478499
0.3 -0.280114 -0.28224
0.31 -0.0806795 -0.083162
0.32 0.119562 0.116747
0.33 0.318607 0.31549
0.34 0.514466 0.511081
0.35 0.705181 0.701565
0.36 0.888844 0.885039
0.37 1.06362 1.05967
0.38 1.22776 1.22371
0.39 1.37962 1.37553
0.4 1.51768 1.5136
0.41 1.64057 1.63655
0.42 1.74705 1.74315
0.43 1.83606 1.83233
0.44 1.90671 1.9032
0.45 1.9583 1.95506
0.46 1.9903 1.98738
0.47 2.0024 1.99985
0.48 1.99447 1.99233
0.49 1.9666 1.96491
0.5 1.91906 1.91785
0.51 1.85233 1.85163
0.52 1.76708 1.76691
0.53 1.66416 1.66454
0.54 1.5446 1.54553
0.55 1.40959 1.41108
0.56 1.26048 1.26254
0.57 1.09877 1.10138
0.58 0.926075 0.929209
0.59 0.744117 0.747758
0.6 0.554717 0.558837
0.61 0.35977 0.364331
0.62 0.161226 0.166185
0.63 -0.0389311 -0.0336215
0.64 -0.238699 -0.233092
0.65 -0.436079 -0.430233
0.66 -0.629099 -0.623076
0.67 -0.815828 -0.809693
0.68 -0.994398 -0.98822
0.69 -1.16302 -1.15687
0.7 -1.32002 -1.31397
0.71 -1.46382 -1.45793
0.72 -1.59298 -1.58733
0.73 -1.7062 -1.70087
0.74 -1.80237 -1.79741
0.75 -1.88051 -1.876
0.76 -1.93985 -1.93584
0.77 -1.97979 -1.97634
0.78 -1.99993 -1.99709
0.79 -2.00007 -1.99788
0.8 -1.98021 -1.97872
0.81 -1.94055 -1.93978
0.82 -1.88148 -1.88146
0.83 -1.8036 -1.80435
0.839999 -1.70768 -1.7092
0.849999 -1.59469 -1.59698
0.859999 -1.46575 -1.4688
0.869999 -1.32215 -1.32595
0.879999 -1.16533 -1.16984
0.889999 -0.996857 -1.00205
0.899999 -0.818415 -0.824247
0.909999 -0.631788 -0.638207
0.919999 -0.438844 -0.445791
0.929999 -0.241512 -0.24892
0.939999 -0.0417642 -0.0495631
0.949999 0.158401 0.150291
0.959999 0.356982 0.348641
0.969999 0.551994 0.54351
0.979999 0.741485 0.732946
0.989999 0.923562 0.915061
0.999999 1.0964 1.08803
1.01 1.25828 1.25013
1.02 1.40757 1.39974
1.03 1.54279 1.53536
1.04 1.66258 1.65565
1.05 1.76575 1.75939
1.06 1.85126 1.84555
1.07 1.91825 1.91327
1.08 1.96606 1.96187
1.09 1.99421 1.99087
1.1 2.00242 1.99998
1.11 1.99061 1.98911
1.12 1.95889 1.95836
1.13 1.90758 1.90804
1.14 1.83719 1.83866
1.15 1.74844 1.75091
1.16 1.64219 1.64567
1.17 1.51953 1.52398
1.18 1.38167 1.38706
1.19 1.23 1.23629
1.2 1.06602 1.07316
1.21 0.891385 0.89931
1.22 0.707835 0.716473
1.23 0.517207 0.52648
1.24 0.321407 0.331224
1.25 0.122393 0.132661
1.26 -0.0778449 -0.0672297
1.27 -0.277305 -0.266447
1.28 -0.473991 -0.463003
1.29 -0.665938 -0.654932
1.3 -0.851225 -0.840319
1.31 -1.028 -1.01731
1.32 -1.19449 -1.18413
1.33 -1.34905 -1.33913
1.34 -1.4901 -1.48074
1.35 -1.61626 -1.60756
1.36 -1.72626 -1.71831
1.37 -1.81899 -1.8119
1.38 -1.89354 -1.88739
1.39 -1.94915 -1.94401
1.4 -1.98526 -1.98121
1.41 -2.00153 -1.99862
1.42 -1.99778 -1.99605
1.43 -1.97405 -1.97355
1.44 -1.93058 -1.93132
1.45 -1.8678 -1.8698
1.46 -1.78635 -1.78959
1.47 -1.68703 -1.69151
1.48 -1.57084 -1.57652
1.49 -1.43895 -1.44578
1.5 -1.29266 -1.30059
1.51 -1.13345 -1.14241
1.52 -0.962907 -0.972816
1.53 -0.782731 -0.793502
1.54 -0.594729 -0.606257
1.55 -0.400779 -0.412957
1.56 -0.202821 -0.215529
1.57 -0.00283547 -0.0159496
1.58 0.197179 0.183791
1.59 0.395221 0.381694
1.6 0.589311 0.575785
1.61 0.777508 0.764122
1.62 0.957931 0.944822
1.63 1.12877 1.11608
1.64 1.28833 1.2762
1.65 1.435 1.42355
1.66 1.56732 1.55669
1.67 1.68397 1.67427
1.68 1.78378 1.77512
1.69 1.86575 1.85824
1.7 1.92906 1.92279
1.71 1.97309 1.96813
1.72 1.99738 1.9938
1.73 2.0017 1.99955
1.74 1.986 1.98532
1.75 1.95044 1.95126
1.76 1.89538 1.8977
1.77 1.82136 1.82518
1.78 1.72913 1.73442
1.79 1.61961 1.62633
1.8 1.49389 1.50199
1.81 1.35323 1.36265
1.82 1.19904 1.20969
1.83 1.03286 1.04464
1.84 0.856354 0.869156
1.85 0.671282 0.684986
1.86 0.479498 0.493976
1.87 0.282918 0.298027
1.88 0.0835095 0.0990995
1.89 -0.116734 -0.100818
1.9 -0.315811 -0.299724
1.91 -0.511729 -0.49564
1.92 -0.70253 -0.686603
1.93 -0.886306 -0.870705
1.94 -1.06122 -1.0461
1.95 -1.22552 -1.21106
1.96 -1.37756 -1.36391
1.97 -1.51583 -1.50313
1.98 -1.63894 -1.62733
1.99 -1.74567 -1.73527
2 -1.83493 -1.82588
2.01 -1.90585 -1.89824
2.02 -1.95771 -1.95163
2.03 -1.98999 -1.98553
2.04 -2.00237 -1.99959
2.05 -1.99472 -1.99366
2.06 -1.96713 -1.96782
2.07 -1.91987 -1.92231
2.08 -1.85341 -1.8576
2.09 -1.76842 -1.77433
2.1 -1.66574 -1.67333
2.11 -1.5464 -1.55561
2.12 -1.4116 -1.42234
2.13 -1.26269 -1.27487
2.14 -1.10114 -1.11466
2.15 -0.928589 -0.943305
2.16 -0.746748 -0.762532
2.17 -0.557441 -0.574137
2.18 -0.362559 -0.380005
2.19 -0.164051 -0.182076
2.2 0.0360973 0.0176721
2.21 0.235884 0.21724
2.22 0.433313 0.414641
2.23 0.626408 0.607899
2.24 0.813239 0.795079
2.25 0.991938 0.974319
2.26 1.16072 1.14382
2.27 1.31789 1.3019
2.28 1.46188 1.44697
2.29 1.59126 1.57757
2.3 1.70472 1.69242
2.31 1.80113 1.79036
2.32 1.87954 1.87041
2.33 1.93915 1.93177
2.34 1.97936 1.97383
2.35 1.99978 1.99616
2.36 2.00021 1.99855
2.37 1.98063 1.98098
2.38 1.94125 1.94361
2.39 1.88245 1.88681
2.4 1.80483 1.81117
2.41 1.70916 1.71743
2.42 1.5964 1.60653
2.43 1.46768 1.47958
2.44 1.32428 1.33785
2.45 1.16763 1.18275
2.46 0.999314 1.01583
2.47 0.821 0.838755
2.48 0.634477 0.653308
2.49 0.441609 0.461329
2.5 0.244324 0.264741
2.51 0.0445968 0.0655081
2.52 -0.155577 -0.13438
2.53 -0.354194 -0.332921
2.54 -0.54927 -0.52814
2.55 -0.738853 -0.718081
2.56 -0.921048 -0.900844
2.57 -1.09403 -1.07461
2.58 -1.25608 -1.23764
2.59 -1.40556 -1.3883
2.6 -1.54099 -1.52509
2.61 -1.661 -1.64664
2.62 -1.76441 -1.75174
2.63 -1.85017 -1.83934
2.64 -1.91744 -1.90856
2.65 -1.96552 -1.95871
2.66 -1.99396 -1.98929
2.67 -2.00245 -1.99999
2.68 -1.99092 -1.99071
2.69 -1.95947 -1.96153
2.7 -1.90844 -1.91276
2.71 -1.83832 -1.84488
2.72 -1.74981 -1.75857
2.73 -1.64381 -1.65468
2.74 -1.52137 -1.53426
2.75 -1.38372 -1.39851
2.76 -1.23223 -1.24879
2.77 -1.06842 -1.08659
2.78 -0.893919 -0.913531
2.79 -0.710482 -0.731345
2.8 -0.519941 -0.541856
2.81 -0.324201 -0.346949
2.82 -0.125218 -0.148575
2.83 0.0750167 0.0512831
2.84 0.274501 0.250629
2.85 0.471241 0.447467
2.86 0.663268 0.639837
2.87 0.848662 0.825815
2.88 1.02557 1.00354
2.89 1.19222 1.17124
2.9 1.34695 1.32723
2.91 1.48821 1.46997
2.92 1.61459 1.59802
2.93 1.72482 1.7101
2.94 1.81781 1.80509
2.95 1.89261 1.88205
2.96 1.94849 1.9402
2.97 1.98489 1.97897
2.98 2.00143 1.99796
2.99 1.99796 1.99699
3 1.97452 1.97607
3.01 1.93132 1.9354
3.02 1.86882 1.8754
3.03 1.78762 1.79666
3.04 1.68855 1.69996
3.05 1.5726 1.58628
3.06 1.44091 1.45676
3.07 1.29482 1.31267
3.08 1.13578 1.15547
3.09 0.965385 0.986726
3.1 0.785333 0.808121
3.11 0.597428 0.621441
3.12 0.403549 0.428556
3.13 0.205635 0.231385
3.14 0.00566391 0.0319021
3.15 -0.194364 -0.167899
3.16 -0.392448 -0.366023
3.17 -0.586607 -0.560487
3.18 -0.7749 -0.749353
3.19 -0.955445 -0.930732
3.2 -1.12643 -1.10281
3.21 -1.28616 -1.26387
3.22 -1.43302 -1.4123
3.23 -1.56556 -1.54662
3.24 -1.68244 -1.66549
3.25 -1.78249 -1.76772
3.26 -1.86472 -1.85228
3.27 -1.9283 -1.91834
3.28 -1.9726 -1.96523
3.29 -1.99717 -1.99248
3.3 -2.00177 -1.99982
3.31 -1.98635 -1.98719
3.32 -1.95107 -1.9547
3.33 -1.89628 -1.90267
3.34 -1.82253 -1.83164
3.35 -1.73055 -1.74231
3.36 -1.62126 -1.63557
3.37 -1.49577 -1.51248
3.38 -1.35531 -1.37428
3.39 -1.2013 -1.22236
3.4 -1.03528 -1.05821
3.41 -0.858907 -0.883498
3.42 -0.673944 -0.699951
3.43 -0.482241 -0.509418
3.44 -0.285716 -0.313794
3.45 -0.0863335 -0.115028
3.46 0.113912 0.0848797
3.47 0.313019 0.28394
3.48 0.508995 0.48017
3.49 0.699882 0.671595
3.5 0.883769 0.85631
3.51 1.05882 1.03248
3.52 1.22328 1.19832
3.53 1.37551 1.3522
3.54 1.51398 1.49255
3.55 1.63732 1.618
3.56 1.74428 1.72729
3.57 1.8338 1.81931
3.58 1.90498 1.89316
3.59 1.95711 1.94808
3.6 1.98967 1.98355
3.61 2.00233 1.9992
3.62 1.99497 1.99487
3.63 1.96766 1.97061
3.64 1.92067 1.92666
3.65 1.85448 1.86346
3.66 1.76974 1.78164
3.67 1.6673 1.68201
3.68 1.54819 1.56559
3.69 1.4136 1.43351
3.7 1.26488 1.28712
3.71 1.1035 1.12787
3.72 0.931089 0.957344
3.73 0.749368 0.777258
3.74 0.560152 0.589399
3.75 0.365336 0.395657
3.76 0.166865 0.197963
3.77 -0.0332734 -0.0017168
3.78 -0.233079 -0.201372
3.79 -0.430555 -0.399015
3.8 -0.623724 -0.592679
3.81 -0.810657 -0.780413
3.82 -0.989483 -0.960351
3.83 -1.15841 -1.1307
3.84 -1.31576 -1.28974
3.85 -1.45995 -1.43591
3.86 -1.58954 -1.56772
3.87 -1.70323 -1.68386
3.88 -1.7999 -1.78319
3.89 -1.87856 -1.8647
3.9 -1.93844 -1.92757
3.91 -1.97893 -1.97119
3.92 -1.99963 -1.99511
3.93 -2.00034 -1.9991
3.94 -1.98105 -1.98311
3.95 -1.94194 -1.94731
3.96 -1.88341 -1.89205
3.97 -1.80605 -1.81788
3.98 -1.71063 -1.72556
3.99 -1.59811 -1.61599
4 -1.4696 -1.49027
4.01 -1.32639 -1.34966
4.02 -1.16993 -1.19557
4.03 -1.00176 -1.02953
4.04 -0.823575 -0.853199
4.05 -0.637155 -0.668346
4.06 -0.444363 -0.476814
4.07 -0.247127 -0.280518
4.08 -0.0474201 -0.0814185
4.09 0.152761 0.118494
4.1 0.351414 0.317223
4.11 0.546554 0.512782
4.12 0.736228 0.703217
4.13 0.918539 0.886625
4.14 1.09167 1.06117
4.15 1.25387 1.22512
4.16 1.40355 1.37682
4.17 1.53918 1.51477
4.18 1.65942 1.63758
4.19 1.76307 1.74403
4.2 1.84909 1.83305
4.21 1.91662 1.90376
4.22 1.96498 1.95544
4.23 1.99369 1.98758
4.24 2.00247 1.99987
4.25 1.99122 1.99217
4.26 1.96005 1.96456
4.27 1.90929 1.91733
4.28 1.83944 1.85093
4.29 1.75118 1.76605
4.3 1.64542 1.66351
4.31 1.52321 1.54435
4.32 1.38576 1.40977
4.33 1.23445 1.26109
4.34 1.0708 1.09982
4.35 0.896444 0.92755
4.36 0.713121 0.746016
4.37001 0.522667 0.557028
4.38001 0.326986 0.362475
4.39001 0.128035 0.164299
4.40001 -0.0721955 -0.0355183
4.41001 -0.271705 -0.234981
4.42001 -0.468497 -0.432095
4.43001 -0.660604 -0.624892
4.44001 -0.846105 -0.811445
4.45001 -1.02314 -0.98989
4.46001 -1.18995 -1.15844
4.47001 -1.34486 -1.31542
4.48001 -1.48632 -1.45926
4.49001 -1.61292 -1.58851
4.50001 -1.72339 -1.70189
4.51001 -1.81662 -1.79827
4.52001 -1.89169 -1.87667
4.53001 -1.94784 -1.93633
4.54001 -1.98451 -1.97664
4.55001 -2.00134 -1.99719
4.56001 -1.99816 -1.99779
4.57001 -1.97499 -1.97843
4.58001 -1.93207 -1.9393
4.59001 -1.86983 -1.88079
4.60001 -1.7889 -1.80349
4.61001 -1.69007 -1.70817
4.62001 -1.57434 -1.59577
4.63001 -1.44287 -1.46744
4.64001 -1.29698 -1.32444
4.65001 -1.13811 -1.16821
4.66001 -0.96786 -1.0003
4.67001 -0.787932 -0.822401
4.68001 -0.600125 -0.636283
4.69001 -0.406317 -0.443807
4.70001 -0.208445 -0.246896
4.71001 -0.00848959 -0.0475188
4.72001 0.191551 0.152334
4.73001 0.389676 0.350664
4.74001 0.583905 0.54549
4.75001 0.772294 0.734866
4.76001 0.952961 0.916899
4.77001 1.1241 1.08977
4.78001 1.28399 1.25175
4.79001 1.43105 1.40123
4.80001 1.5638 1.5367
4.81002 1.6809 1.65682
4.82002 1.7812 1.76038
4.83002 1.86369 1.84635
4.84002 1.92754 1.91388
4.85002 1.97211 1.96228
4.86002 1.99696 1.99107
4.87002 2.00185 1.99997
4.88002 1.98671 1.98888
4.89002 1.95171 1.95792
4.90002 1.89719 1.9074
4.91002 1.8237 1.83782
4.92002 1.73197 1.74987
4.93002 1.62293 1.64444
4.94002 1.49765 1.52258
4.95002 1.35739 1.38551
4.96002 1.20357 1.23459
4.97002 1.0377 1.07133
4.98002 0.861464 0.897368
4.99002 0.676609 0.714441
