-0.00195312
-0.00191787
-0.00181351
-0.00164377
-0.00141475
-0.00113467
-0.000813592
-0.000463043
-9.56177e-05
0.000275476
0.000636893
0.000975623
0.00127946
0.00153745
0.00174027
0.00188055
0.00195319
0.00195549
0.00188729
0.00175093
0.00155124
0.00129531
0.00099226
0.000652918
0.000289436
-8.51454e-05
-0.000457365
-0.000813821
-0.00114165
-0.00142899
-0.00166541
-0.00184229
-0.00195312
-0.00199375
-0.00196254
-0.00186043
-0.00169092
-0.00145992
-0.00117557
-0.000847973
-0.000488783
-0.000110842
0.000272296
0.000646851
0.000999306
0.00131689
0.00158805
0.00180285
0.00195335
0.0020339
0.00204133
0.00197508
0.00183727
0.00163255
0.00136804
0.00105302
0.000698608
0.000317414
-7.69473e-05
-0.000470327
-0.000848547
-0.0011979
-0.00150567
-0.00176056
-0.00195311
-0.00207608
-0.00212468
-0.00209676
-0.00199292
-0.00181649
-0.00157344
-0.00127216
-0.000923168
-0.000538773
-0.000132626
0.000280763
0.000686533
0.00107001
0.00141723
0.00171544
0.00195357
0.00212265
0.00221612
0.0022301
0.00216355
0.00201831
0.00179906
0.00151318
0.00117051
0.000782977
0.000364233
-7.08542e-05
-0.000506717
-0.000927638
-0.00131832
-0.00166442
-0.00195311
-0.00217348
-0.00231704
-0.00237795
-0.00235332
-0.00224328
-0.00205108
-0.0017829
-0.00144776
-0.00105714
-0.000624606
-0.000165393
0.000304184
0.000767279
0.00120712
0.0016076
0.00195387
0.0022329
0.00243393
0.0025489
0.00257275
0.00250367
0.00234315
0.002096
0.00177019
0.00137661
0.00092869
0.000441997
-6.6349e-05
-0.000578248
-0.00107526
-0.00153926
-0.00195309
-0.00230121
-0.00257021
-0.00274939
-0.00283114
-0.00281125
-0.00268911
-0.00246778
-0.00215392
-0.00175761
-0.00129204
-0.000773063
-0.000218662
0.00035164
0.000917474
0.00145834
0.00195433
0.00238686
0.00273935
0.00299782
0.0031515
0.00319317
0.00311954
0.0029314
0.0026337
0.00223535
0.00174906
0.0011909
0.000579799
-6.3094e-05
-0.000715116
-0.00135288
-0.00195308
-0.00249334
-0.00295303
-0.00331402
-0.00356137
-0.00368394
-0.00367484
-0.00353177
-0.00325718
-0.00285829
-0.00234691
-0.00173915
-0.00105489
-0.000317175
0.000448524
0.00121518
0.00195512
0.00264102
0.00324683
0.00374878
0.00412624
0.00436253
0.00444561
0.00436861
0.00413019
0.00373476
0.00319243
0.00251881
0.00173462
0.000865079
-6.08624e-05
-0.00101142
-0.00195304
-0.00285148
-0.00367305
-0.00438575
-0.00496046
-0.00537205
-0.00560037
-0.0056311
-0.00545644
-0.00507556
-0.0044949
-0.00372818
-0.00279613
-0.00172607
-0.000551175
0.000690455
0.00195691
0.00320375
0.00438545
0.00545686
0.00637479
0.0070995
0.00759619
0.00783639
0.00779913
0.00747199
0.00685185
0.00594546
0.0047696
0.00335107
0.00172628
-5.94692e-05
-0.00195293
-0.0038942
-0.00581821
-0.00765642
-0.00933872
-0.0107954
-0.011959
-0.0127668
-0.0131621
-0.0130965
-0.0125317
-0.0114403
-0.00980739
-0.00763144
-0.00492446
-0.00171231
0.00196558
0.00605689
0.0104974
0.0152122
0.0201176
0.0251227
0.0301318
0.0350467
0.0397687
0.0442016
0.0482536
0.0518398
0.0548844
0.0573226
0.0591021
0.0605469
0.0601828
0.0590984
0.0573172
0.0548773
0.0518312
0.0482436
0.0441905
0.0397566
0.0350337
0.0301182
0.0251087
0.0201034
0.0151981
0.0104835
0.00604345
0.00195272
-0.00172444
-0.00493573
-0.00764177
-0.0098167
-0.0114485
-0.0125389
-0.0131026
-0.0131671
-0.0127709
-0.0119622
-0.0107978
-0.00934045
-0.00765758
-0.00581893
-0.0038946
-0.00195314
-5.96e-05
0.00172611
0.00335077
0.00476907
0.00594463
0.00685068
0.00747042
0.00779716
0.007834
0.00759341
0.00709634
0.00637131
0.00545311
0.00438148
0.00319964
0.00195273
0.000686287
-0.000555266
-0.00173001
-0.00279986
-0.00373165
-0.00449806
-0.00507837
-0.00545889
-0.00563318
-0.00560208
-0.0053734
-0.00496147
-0.00438646
-0.00367351
-0.00285173
-0.00195314
-0.00101143
-6.0829e-05
0.000865093
0.00173456
0.00251863
0.00319209
0.00373422
0.00412943
0.00436761
0.00444436
0.00436104
0.00412452
0.00374685
0.00324472
0.00263876
0.00195275
0.00121275
0.000446071
-0.000319601
-0.00105724
-0.0017414
-0.00234901
-0.0028602
-0.00325889
-0.00353325
-0.00367609
-0.00368495
-0.00356215
-0.00331459
-0.0029534
-0.00249354
-0.00195314
-0.00135283
-0.000715008
-6.29589e-05
0.000579922
0.00119097
0.00174905
0.00223522
0.00263343
0.00293098
0.00311894
0.00319239
0.00315054
0.0029967
0.00273806
0.00238543
0.00195279
0.00145671
0.000915789
0.000349932
-0.000220358
-0.000774713
-0.00129362
-0.00175908
-0.00215525
-0.00246896
-0.00269013
-0.0028121
-0.00283181
-0.00274988
-0.00257053
-0.00230138
-0.00195314
-0.00153919
-0.00107511
-0.000578045
-6.61239e-05
0.000442214
0.000928869
0.00137672
0.00177022
0.00209592
0.00234294
0.00250331
0.00257225
0.00254825
0.00243314
0.00223198
0.00195283
0.00160646
0.00120591
0.000766018
0.000302901
-0.00016667
-0.00062585
-0.00105832
-0.00144886
-0.0017839
-0.00205195
-0.00224402
-0.00235391
-0.00237839
-0.00231734
-0.00217364
-0.00195313
-0.00166434
-0.00131814
-0.00092739
-0.000506422
-7.0539e-05
0.000364543
0.000783255
0.00117073
0.00151333
0.00179911
0.00201825
0.00216337
0.0022298
0.00221568
0.00212209
0.00195289
0.00171465
0.00141636
0.00106907
0.000685552
0.000279759
-0.000133627
-0.000539747
-0.000924091
-0.00127301
-0.0015742
-0.00181715
-0.00199345
-0.00209716
-0.00212495
-0.00207623
-0.00195313
-0.00176046
-0.00150547
-0.00119762
-0.000848197
-0.000469935
-7.65357e-05
0.000317822
0.000698988
0.00105335
0.0013683
0.00163273
0.00183734
0.00197505
0.00204118
0.00203363
0.00195297
0.00180236
0.00158746
0.00131622
0.000998571
0.000646072
0.000271495
-0.000111643
-0.00048956
-0.000848706
-0.00117624
-0.0014605
-0.0016914
-0.00186081
-0.00196279
-0.00199388
-0.00195313
-0.00184218
-0.0016652
-0.00142868
-0.00114125
-0.000813362
-0.000456865
-8.46257e-05
0.000289953
0.00065341
0.000992707
0.00129569
0.00155154
0.00175114
0.00188739
0.00195548
0.00195307
0.00188032
0.00173993
0.00153702
0.00127895
0.000975045
0.000636271
0.000274831
-9.62638e-05
-0.000463668
-0.000814175
-0.00113519
-0.00141519
-0.00164411
-0.00181374
-0.00191799
-0.00195312
