-0.00195313
-0.00191793
-0.00181362
-0.00164394
-0.00141497
-0.00113494
-0.00081389
-0.000463364
-9.59483e-05
0.000275142
0.00063657
0.000975321
0.0012792
0.00153722
0.00174009
0.00188043
0.00195313
0.00195549
0.00188734
0.00175104
0.00155141
0.00129552
0.000992501
0.000653185
0.000289716
-8.48601e-05
-0.000457091
-0.000813568
-0.00114143
-0.00142882
-0.00166529
-0.00184223
-0.00195313
-0.00199382
-0.00196268
-0.00186065
-0.0016912
-0.00146025
-0.00117596
-0.000848397
-0.000489231
-0.000111309
0.000271829
0.000646394
0.000998875
0.00131649
0.0015877
0.00180256
0.00195313
0.00203374
0.00204123
0.00197506
0.00183731
0.00163266
0.0013682
0.00105322
0.000698836
0.000317662
-7.66969e-05
-0.000470088
-0.000848334
-0.00119773
-0.00150555
-0.0017605
-0.00195313
-0.00207618
-0.00212485
-0.00209701
-0.00199326
-0.00181691
-0.00157393
-0.00127271
-0.00092376
-0.000539404
-0.000133274
0.00028011
0.000685896
0.0010694
0.00141666
0.00171492
0.00195313
0.00212228
0.00221583
0.0022299
0.00216343
0.00201827
0.00179909
0.00151328
0.00117065
0.000783162
0.00036444
-7.06425e-05
-0.000506519
-0.00092747
-0.0013182
-0.00166437
-0.00195313
-0.0021736
-0.00231725
-0.00237826
-0.00235373
-0.0022438
-0.00205169
-0.00178361
-0.00144854
-0.00105798
-0.000625489
-0.000166304
0.000303271
0.000766375
0.00120625
0.00160678
0.00195313
0.00223223
0.00243335
0.00254842
0.00257238
0.0025034
0.00234299
0.00209593
0.0017702
0.00137668
0.000928813
0.000442149
-6.61915e-05
-0.000578106
-0.00107516
-0.00153922
-0.00195313
-0.00230136
-0.00257047
-0.00274978
-0.00283167
-0.00281191
-0.00268991
-0.0024687
-0.00215495
-0.00175876
-0.00129327
-0.00077435
-0.000219982
0.000350303
0.000916156
0.00145706
0.00195313
0.00238573
0.00273833
0.00299693
0.00315074
0.00319255
0.00311906
0.00293106
0.00263348
0.00223524
0.00174905
0.00119096
0.000579895
-6.29874e-05
-0.000715032
-0.00135285
-0.00195313
-0.00249351
-0.00295334
-0.00331449
-0.00356202
-0.00368478
-0.00367588
-0.003533
-0.0032586
-0.00285989
-0.00234867
-0.00174104
-0.00105686
-0.000319222
0.000446455
0.00121312
0.00195313
0.00263909
0.00324503
0.00374713
0.00412477
0.00436125
0.00444453
0.00436774
0.00412953
0.00373429
0.00319212
0.00251865
0.00173456
0.00086508
-6.08447e-05
-0.00101144
-0.00195313
-0.00285173
-0.00367348
-0.0043864
-0.00496138
-0.00537327
-0.00560191
-0.00563298
-0.00545864
-0.0050781
-0.00449775
-0.00373132
-0.0027995
-0.00172965
-0.000554885
0.000686664
0.00195313
0.00319999
0.00438182
0.00545342
0.0063716
0.00709659
0.00759362
0.00783418
0.00779731
0.00747053
0.00685075
0.00594468
0.0047691
0.00335078
0.00172611
-5.96032e-05
-0.00195313
-0.00389461
-0.00581891
-0.00765755
-0.00934039
-0.0107977
-0.0119621
-0.0127707
-0.0131669
-0.0131024
-0.0125386
-0.0114482
-0.00981637
-0.00764145
-0.00493539
-0.0017241
0.00195313
0.00604375
0.0104838
0.0151984
0.0201037
0.0251089
0.0301185
0.0350339
0.0397568
0.0441906
0.0482437
0.0518312
0.0548774
0.0573172
0.0590984
0.0605469
0.0601828
0.0590985
0.0573172
0.0548774
0.0518313
0.0482438
0.0441907
0.0397568
0.035034
0.0301186
0.0251091
0.0201038
0.0151985
0.0104839
0.00604391
0.00195313
-0.00172395
-0.00493527
-0.00764131
-0.00981629
-0.0114481
-0.0125385
-0.0131023
-0.0131669
-0.0127706
-0.011962
-0.0107976
-0.00934034
-0.0076575
-0.00581887
-0.00389456
-0.00195313
-5.95685e-05
0.00172614
0.00335081
0.00476912
0.00594471
0.00685078
0.00747056
0.00779732
0.00783422
0.00759365
0.00709663
0.00637162
0.00545346
0.00438185
0.00320004
0.00195313
0.000686716
-0.000554843
-0.0017296
-0.00279947
-0.00373126
-0.00449771
-0.00507805
-0.00545861
-0.00563293
-0.00560187
-0.00537322
-0.00496134
-0.00438636
-0.00367344
-0.00285169
-0.00195313
-0.0010114
-6.08108e-05
0.000865112
0.00173459
0.00251868
0.00319215
0.00373431
0.00412955
0.00436776
0.00444456
0.00436128
0.00412479
0.00374716
0.00324505
0.00263912
0.00195313
0.00121315
0.000446476
-0.000319194
-0.00105685
-0.00174101
-0.00234865
-0.00285987
-0.00325859
-0.00353298
-0.00367586
-0.00368476
-0.00356201
-0.00331448
-0.00295333
-0.0024935
-0.00195313
-0.00135283
-0.000715022
-6.29791e-05
0.000579904
0.00119096
0.00174905
0.00223525
0.00263349
0.00293107
0.00311907
0.00319256
0.00315075
0.00299694
0.00273834
0.00238575
0.00195313
0.00145708
0.000916173
0.000350327
-0.000219966
-0.000774323
-0.00129324
-0.00175873
-0.00215493
-0.00246867
-0.00268988
-0.00281188
-0.00283164
-0.00274975
-0.00257044
-0.00230133
-0.00195313
-0.00153919
-0.00107513
-0.000578078
-6.61633e-05
0.000442174
0.000928838
0.0013767
0.00177022
0.00209595
0.00234301
0.00250342
0.00257239
0.00254843
0.00243336
0.00223224
0.00195313
0.00160679
0.00120626
0.000766385
0.000303272
-0.000166295
-0.000625484
-0.00105797
-0.00144854
-0.0017836
-0.00205168
-0.00224379
-0.00235373
-0.00237826
-0.00231724
-0.00217359
-0.00195313
-0.00166436
-0.00131819
-0.000927465
-0.000506512
-7.06372e-05
0.000364446
0.000783168
0.00117066
0.00151329
0.0017991
0.00201827
0.00216344
0.0022299
0.00221584
0.00212228
0.00195313
0.00171493
0.00141666
0.00106941
0.000685898
0.000280119
-0.000133268
-0.000539395
-0.000923759
-0.0012727
-0.00157393
-0.0018169
-0.00199325
-0.00209701
-0.00212485
-0.00207617
-0.00195313
-0.00176049
-0.00150555
-0.00119772
-0.000848327
-0.000470083
-7.66908e-05
0.000317667
0.000698844
0.00105322
0.0013682
0.00163266
0.00183731
0.00197506
0.00204124
0.00203374
0.00195313
0.00180256
0.0015877
0.0013165
0.000998875
0.000646399
0.000271831
-0.000111305
-0.000489234
-0.000848393
-0.00117596
-0.00146025
-0.0016912
-0.00186065
-0.00196268
-0.00199382
-0.00195313
-0.00184223
-0.00166529
-0.00142882
-0.00114143
-0.000813567
-0.000457089
-8.48599e-05
0.000289721
0.000653186
0.000992503
0.00129552
0.00155141
0.00175104
0.00188734
0.00195549
0.00195313
0.00188043
0.00174009
0.00153723
0.00127919
0.000975323
0.00063657
0.000275144
-9.59521e-05
-0.000463362
-0.00081389
-0.00113494
-0.00141497
-0.00164394
-0.00181362
-0.00191793
-0.00195313
